5.155677236041680267e-01
3.663949630909500987e-01
9.174435254477580903e-01
7.262645310884034977e-01
3.262907189978451195e-01
8.972787270494436696e-01
3.935933620114856479e-01
1.660441924332202168e-01
9.975679148484695169e-01
2.532593650855693435e-01
6.512986842318089220e-01
4.975424171609427182e-01
2.564663307317283092e-02
2.616661904909305392e-01
5.598586830160177108e-01
1.485249758397007014e-01
8.358063837126139539e-01
9.171705298793688677e-01
2.468167369864183724e-01
1.053160704561895145e-01
2.417301870328791846e-01
5.326663265587439078e-01
9.651974978149292506e-01
4.836042779195827146e-01
3.132269057774098586e-01
1.301584595500926422e-01
1.661494841921641319e-01
3.415520571164454289e-01
4.226722037155686840e-01
4.388455350166475810e-02
7.905664943202428407e-02
5.674880589587596447e-01
8.883671147153571201e-02
3.566426260040965746e-01
4.308174500321652056e-01
8.467430070113701746e-02
1.129996708597283961e-01
6.752370942740142379e-01
6.331278303969125609e-01
2.590504550273943218e-01
7.246572603556989955e-01
3.653539597245248904e-01
2.600268079003664745e-02
6.524357819463136865e-01
3.368432287166799322e-01
5.725157055401030037e-01
2.451328456245478460e-01
3.651570789428717489e-01
7.657499227804240860e-01
4.335657265562857798e-01
6.881022288751217353e-01
2.451150799293767557e-01
7.307150378063069773e-01
2.487986976141220996e-01
3.822348087073919043e-01
8.494566371959721973e-01
3.470948635086605893e-01
3.561087559840978578e-01
4.805629733278347082e-01
6.109530393475712806e-01
6.019804109665356506e-01
1.553158858139832565e-01
9.965097100333908386e-01
6.667682838475130769e-02
9.099988977026454151e-01
7.339225663853991000e-01
8.681774271728095460e-01
1.208224288507488975e-01
8.373558819462308955e-01
8.855887519317778844e-01
3.917615853588348740e-01
7.838365128260779136e-01
8.811851337101275217e-01
1.408755236961932722e-01
8.612352631033850514e-01
9.916970622403500357e-01
9.819386789768469459e-02
5.252216303825266719e-01
6.067510733682451862e-01
1.258270597418472692e-01
1.159799084088773968e-01
7.934057080211163182e-01
2.163087071404645734e-02
9.405777549763461032e-02
9.760042284882728403e-01
4.326298326577784348e-01
9.853472335107437141e-01
2.630672153506723454e-01
8.512850548049802901e-01
9.922327923873184297e-01
9.359328656305584415e-01
1.357083878851040870e-01
2.032210625689956363e-01
3.164720660212080316e-01
9.659414667131970278e-01
8.530062063612957601e-01
6.671574033559797279e-01
1.364484957593323777e-01
8.387461791772694575e-01
7.408324490862753242e-01
4.864411629584322050e-01
7.647633273708305257e-01
5.229731442331320146e-01
5.392505029847732834e-01
3.021368893823872526e-02
9.978728963207706970e-01
5.130500724534493573e-01
3.594175406176011167e-01
6.568840220778890959e-01
1.086133195237583005e-01
7.352247009984347326e-02
5.827292304897172537e-01
3.198401799559651426e-01
4.583691251392244537e-01
5.244561395168032547e-01
7.241631320313576259e-01
6.119101218197564585e-02
4.860260375408986810e-02
6.399925814788338663e-01
7.947762408131532341e-01
1.499722180904025093e-01
6.106881804343999853e-02
1.502859393005606670e-01
2.622874731064591680e-01
2.956088747971508113e-02
2.019882892937252539e-01
8.173806698264886039e-01
2.969720432498906826e-01
7.322317350662594926e-01
1.424640549230525854e-01
3.105225526608351716e-01
3.789720565601313318e-01
3.049401703075993453e-03
9.567418683259633072e-01
6.609735326715262538e-01
1.581294379964114372e-01
1.540952715282544183e-01
8.318160698939612852e-01
8.154800999477729295e-02
6.026360071568537258e-01
5.273815872200967592e-01
2.218634166758772785e-01
9.753775211917791177e-01
9.621950819220711493e-01
2.346032927641138466e-01
1.334358549356986501e-01
5.247903176628117006e-01
7.663938091052674428e-01
8.586435354238635131e-01
9.448922362284188914e-01
3.504629183574007323e-01
3.505302130623605406e-01
7.953681506413944335e-01
4.482027260638201671e-01
9.523560115743731069e-01
2.047354632638610505e-01
4.435411169648347807e-01
9.188729952626307762e-01
9.601371576267034857e-01
3.759364051803628648e-01
6.229514463424656867e-02
3.580170797119779369e-01
9.532807801039679951e-01
4.859139383409881718e-01
3.330468924244522899e-02
2.982433550701968361e-01
4.665668958976576519e-02
5.823842401959933301e-01
8.976309830741158180e-01
8.145539127541101543e-01
3.601182461869295581e-01
8.643474750370718773e-01
4.884899486362348497e-01
6.561040710056517122e-01
7.261660163920036215e-02
4.694719503147152251e-01
5.199105496557308026e-01
8.231470941434718691e-01
9.547116354559067597e-01
4.130961566153465991e-01
1.974874581101019322e-01
9.522536714712465100e-01
7.928488933875680322e-01
2.297358185024064303e-01
5.447432506242323447e-01
1.260504388687829769e-01
9.159036595465008812e-02
1.691637841932155384e-01
2.104526334499143836e-01
1.849662585914038093e-01
1.039910721620996847e-01
7.177965481822725646e-01
6.796288165074211296e-01
8.544414084369107432e-01
9.778150514676109406e-01
6.661357652906455540e-01
6.187356719863115195e-01
3.918326481287942586e-01
8.911579146856939415e-01
9.792184289422208865e-01
6.910141854731930433e-01
8.597865955635219937e-01
8.711667191089004225e-01
3.261341778763028332e-01
3.787883626059752595e-01
4.886112716195770700e-01
2.575301322314298424e-01
8.477376890802307274e-01
3.394825961281120463e-01
8.209258204923581825e-01
9.044625067944748187e-01
4.374168635319271026e-01
9.989161905363578287e-01
8.891427894593950665e-02
9.586098881576361475e-01
3.729825445553459629e-01
1.708949599566711441e-02
6.167002278872930621e-01
6.195609543959562648e-01
5.556283304453900618e-01
3.108700801886437048e-01
3.691551424797586689e-01
1.065640579330984217e-02
1.408731711995400149e-01
9.696376545621411269e-01
7.370645297764379933e-01
9.058663914319784460e-01
5.135332831677908993e-01
9.584912962085594401e-01
8.701353464673154958e-01
4.851380653850395630e-01
6.338093081225049108e-02
1.654177268963877845e-01
3.325585418672835081e-01
8.961815449434461511e-01
3.042103411829422122e-03
6.745965432796846573e-01
7.639766399634654315e-01
9.123674603195075505e-01
3.446465048051550184e-01
1.694242667532800395e-01
1.925887719873130566e-01
2.729189147120590908e-01
6.967277037874568535e-01
9.172331435641666308e-01
1.015278749310888351e-01
7.557146849363843844e-01
4.935998819209077570e-01
9.706633816806349291e-01
1.917577337706273255e-01
9.393880716423040900e-01
2.432800970946981112e-01
7.841700984018673548e-01
5.921267233945796127e-01
8.517074018393899770e-01
6.785672100032773546e-01
5.821341046400798636e-01
6.653359429239066314e-01
3.010457288709478263e-01
4.007500209816121650e-01
9.402440753751950542e-01
8.907325999285847784e-01
8.288259249979660348e-01
9.135491457342674870e-01
1.055991179831159421e-01
1.394829222080726794e-01
1.199365606987652377e-01
6.390064053864679128e-01
7.655533026156869925e-01
3.062774298481997226e-01
2.869093917734301113e-01
5.139648838062063074e-01
9.922187796535408832e-01
2.197073522050337901e-01
4.459668165347089319e-01
6.290234472267481891e-01
6.341480698625650003e-01
3.469113832959832555e-01
6.277735529910918322e-01
4.949834814918411263e-01
8.865078699409558727e-01
4.341528423708100881e-01
9.063460988699628684e-01
8.776264110991808254e-01
8.094112850510761792e-01
1.601809917856430454e-01
4.300127576775597538e-01
7.834638871572674468e-02
3.597072695844305557e-01
5.295017595615587602e-01
6.756768544957700851e-01
8.051057863317937491e-01
4.050018360008004192e-01
1.060540992984896347e-01
7.100457580287177217e-01
9.486360704461808124e-01
1.099824586825471906e-01
2.470057505308851376e-01
6.984741159300407176e-01
7.819362937908780342e-01
2.376989499751519519e-01
2.029063133064903379e-01
5.654333535872253513e-01
1.299045163841260342e-01
6.719111305843781246e-01
3.905108796676491911e-01
6.101108134761110691e-01
3.539000034904182801e-02
5.144910097200076082e-01
9.422114236119941699e-01
6.910533589042306968e-01
5.080212481616807052e-01
6.517094671802665662e-01
7.434005349289836140e-01
9.611913462362171590e-01
8.200315020489434836e-02
8.199017297425219564e-01
1.552935876765951795e-01
7.949722761048656494e-01
7.886326691960152679e-01
1.005142354202913646e-01
4.037817636943608068e-01
1.694990400129819941e-01
8.278937197862297204e-01
1.931196529334181511e-01
7.997650281347223888e-01
8.732057516072908587e-01
9.941867529787180580e-01
4.068537249140463663e-01
8.018377010823311002e-01
9.495071767604563728e-01
8.667514309865408384e-01
7.021239658629635505e-01
1.752028674206629333e-02
3.237050629994877582e-01
1.416386624272309991e-01
6.734928580429310196e-01
7.458170361152328676e-01
6.556226762586530032e-01
1.046359735070787611e-01
1.594193136053068116e-02
1.292868057010398974e-01
2.610835519701690810e-01
1.233604108243018249e-01
5.124715425556803927e-01
4.029058566756245074e-01
1.127907085828793177e-01
9.795355899287656598e-01
9.034953745974932948e-01
9.236342431236113093e-01
8.538982719345740158e-01
6.862308023638443721e-01
8.709716796160698049e-01
9.271157250000160444e-01
6.811828189932088717e-01
4.237748181492910771e-01
9.750876149630474110e-01
3.410088625064440215e-01
1.794859155034038700e-01
6.359579318966127603e-01
7.653393957796775782e-01
9.026992731021151739e-01
9.072975879236773178e-01
9.780914686430847160e-01
9.358756254937471430e-01
5.041730751463473492e-01
1.805113207683488596e-01
5.656043703122062283e-01
8.034092768090035364e-01
6.368333465086065681e-01
2.792417471200959733e-01
3.559976214579055886e-01
8.589110507673143324e-01
2.838249487458522902e-01
8.939492113669983420e-01
7.483239215211771045e-01
3.088839218851010537e-01
3.854904586666710875e-01
1.943560482852760840e-01
9.847329023102842083e-01
7.620896654745227261e-01
2.415112894725554016e-01
6.606163704671019765e-01
2.711249646287378079e-01
2.607854786338985598e-01
1.911589388692526148e-01
1.675803259231890552e-01
2.905501410437156817e-01
1.756074837617547235e-01
4.978291211809687811e-01
5.860332959169362033e-01
8.383503860860996859e-01
8.604568103867908935e-01
1.949952547419118165e-01
6.960371795595370337e-01
1.723728582149621769e-01
3.628910863939215359e-01
9.429300129069605463e-01
9.580163323867243452e-01
2.889569390173456487e-01
9.790423211503486156e-01
2.653656320040241878e-01
9.301053487043162704e-01
1.342865672270459054e-01
2.431712411933755202e-01
6.918372881395585816e-01
9.607389075946048962e-03
4.608616233840086007e-01
7.236913775242701519e-01
4.956979178442827427e-01
5.501383750582879983e-01
4.993892366784247194e-01
1.817024133996967272e-01
9.222344000544222542e-01
8.263350241469725743e-01
3.168183034097434847e-01
9.729517149427087119e-01
6.398826476044284783e-01
4.981603885674957821e-01
6.343590456762359109e-01
6.017160068689441088e-01
6.662993176553985153e-01
5.043195367711236221e-01
2.756488975421641507e-01
4.770884880287884489e-02
3.688963789192943876e-01
1.629767105419354101e-01
7.852922781256831408e-01
6.339074123986564446e-01
3.472345229954337809e-01
7.277904019708465455e-01
3.136808819681971006e-01
7.925175511404942696e-01
8.797536244386533477e-01
7.147760039463527670e-01
9.386490986451985208e-01
1.532959278360390698e-03
5.659357982809187781e-01
9.121847031188982102e-01
2.543114480795505283e-01
5.226349801982992371e-01
1.996744221066306668e-01
1.261163979293101756e-01
9.983961509794684330e-01
8.526701740455960854e-01
3.436474665043346421e-01
5.400196221156701171e-01
9.985305476077361853e-01
2.191705113353631384e-01
2.642526321856887295e-01
6.545102606815873525e-01
6.089688321768005341e-01
5.819274763715498455e-02
1.626043301018031961e-01
7.104510778512367342e-01
6.206509351170886868e-01
6.430096350843509390e-01
1.482007189752848619e-01
3.567236269202088694e-01
9.541068694317192955e-01
9.742807304907481480e-01
3.567302610871755375e-01
9.653193411983165273e-01
5.897641719682517047e-01
5.744105976602845720e-01
5.391156751105441458e-01
7.836730696242925065e-01
5.619881348064417192e-01
4.383595248111704645e-01
9.889346845387544382e-01
3.287316319993165425e-01
4.757932506433064646e-01
8.000318194889821655e-02
5.602114790917068765e-01
1.276549369286019697e-01
3.413777547913540156e-01
5.977031478305427914e-01
5.877410882512943413e-01
1.380770236246015026e-01
9.100377129868997272e-01
