2.880425267848650828e-01
8.268443500010416169e-01
3.600493341089043842e-01
4.545125087474140013e-01
5.222949426114682492e-01
6.766189458018367908e-02
3.825544786808839914e-01
8.025823692331830461e-01
4.891495303182282761e-01
7.388892638053753403e-01
4.137751861676464138e-01
2.805049250476252531e-01
2.541150508425230603e-01
4.872814592754614038e-01
1.268613363446695619e-01
1.558701871425464125e-01
5.663551283516276014e-01
7.888546179211967102e-01
5.344462758115924306e-01
3.221878601734372571e-01
3.706680173974963299e-01
1.600146040543447556e-01
9.379714239750513993e-02
4.976290160312880628e-01
4.003757432111643144e-01
3.291309390882722896e-01
7.789187084333569766e-01
3.365992095571890275e-01
2.228845900061369179e-01
6.545574249570300651e-01
4.090462124859624016e-01
5.855797763598979966e-02
5.138372032181116600e-01
3.612914947788964382e-01
4.128275035667968718e-01
9.813863336287864669e-03
1.568995678820401807e-01
4.866512435574245066e-01
1.128111684272956605e-01
1.459547382747550248e-02
3.389701015550944385e-01
2.946109035054960135e-01
9.301264787469615269e-01
9.396494951210717650e-01
4.732680813033185441e-01
3.770287064144568490e-01
7.201165219056231415e-01
2.477051185709321368e-01
9.215848559077675084e-01
9.573265578652826457e-01
3.065405839783518216e-01
7.888762074540122127e-01
8.018650170702167346e-01
8.512197947731140468e-01
6.342456628455421797e-01
8.207770054714634833e-01
1.256789479577973268e-01
5.392673640899603438e-01
2.380354533341496603e-01
9.345146864314346491e-01
9.799684155962530285e-01
2.712814882817655704e-01
5.196041522100524057e-01
4.297898259705958957e-01
8.381476717046725255e-01
7.120602509376824374e-01
3.854746729488148782e-01
6.440795617229551073e-01
5.812505495271292899e-01
7.430651521754151334e-01
3.270893797004862380e-01
2.252251287514867029e-01
5.286470196276011890e-01
4.287983033823888901e-01
6.536418740670727479e-01
9.476050839271413784e-01
3.255064159896178255e-01
8.376374281414121770e-01
6.487381303893219320e-01
5.906022455377757385e-02
9.567167428524832040e-01
1.142800172681124327e-01
9.512449584376170275e-02
4.790686067064641174e-01
1.434257273359610396e-01
4.767933012140440630e-01
5.873671671134970129e-01
6.846891825547013477e-01
3.589817091176480401e-01
7.933954155821825172e-01
8.921183523152160788e-01
9.476192255874347214e-01
2.230354448227832576e-01
5.127930928055562942e-01
6.220134108523868166e-01
3.104923462009729906e-01
5.992139443112874941e-01
4.170221442689143743e-01
5.699870440712793140e-01
2.280047501700120938e-01
6.371366343846862623e-01
2.410974019379807931e-02
2.643096471869086361e-01
7.617784097296060875e-01
4.791359367190199947e-01
9.696501506504239254e-01
2.081060951351717536e-01
7.995398515741065637e-01
3.231835897759117726e-01
7.187410982413413585e-01
2.462573838509261037e-01
8.801937633307524989e-01
5.071712828958178099e-01
9.245457048165625080e-01
5.434076061383102951e-01
9.209134373928260509e-01
1.416879564507719236e-01
6.929729979290586428e-01
4.269232272062034594e-01
5.030330608452920904e-01
6.912843033204846277e-01
7.820666345718798595e-01
6.822833417722636851e-01
4.591677134533102000e-01
3.911111740377848367e-01
8.798698682253424108e-01
9.315602956264410484e-01
1.144543927573594688e-01
5.700721675476059236e-01
2.741166171749187530e-02
4.178231189356399478e-01
2.605320214559164738e-01
4.801847338407257970e-01
2.566740757328023204e-01
4.188593396423645476e-01
3.882707798587092807e-01
5.416132431754229204e-01
9.668574931095949010e-01
7.764756153322954768e-01
7.481974096793514439e-01
8.087894601307239473e-01
7.704695154397434020e-02
7.337240407092315841e-02
2.328755067589796113e-01
6.067303659742189215e-01
1.489114941950804294e-01
1.795378426991681708e-01
4.809558178231392311e-01
5.348996970953574515e-01
4.001886385013707637e-01
9.931176876021344802e-01
1.812639779525991868e-01
9.016961302984063398e-01
9.272983630534400445e-01
3.911708064127605855e-02
6.805143082525518805e-01
4.322174350667129517e-01
9.767534543186282558e-01
6.407098688503234385e-01
3.906982452814161677e-01
4.700465667795198366e-01
4.923306677290277822e-01
7.081504451364799557e-01
7.681434151125390297e-01
2.271685239964540415e-01
5.220526269528368291e-01
8.142400583384220569e-01
5.212841351447066174e-01
1.924445695820028446e-01
8.713158209653077968e-01
1.190110211068517998e-02
4.218750626503505741e-01
6.886309777991609371e-01
8.949247372632103126e-01
6.205691845334490031e-01
5.725960854078757656e-01
1.612035571101869680e-01
3.552943667183561249e-01
6.417734653315784188e-01
3.204550939213512972e-01
6.583122345420351351e-01
2.138676725605752615e-01
8.150632417436722843e-01
7.563399690618358706e-01
3.058686353667328106e-01
5.717829555093523197e-01
1.429042306352594771e-01
9.735603343002314780e-01
3.006348790678322613e-01
7.569838999359779219e-01
7.300221031522360349e-01
2.247275629723319845e-01
2.504457243829517621e-01
5.230475621819152821e-02
2.980557326275504737e-01
4.484303023825455536e-01
9.528963229580832417e-01
3.793266936568653325e-01
6.217313216771782614e-01
1.001621935686538567e-01
7.566603204903143975e-02
9.216800185611102592e-01
6.435162428546133961e-01
1.665388037252704123e-01
7.031149105032818980e-02
3.124407763013020700e-01
9.469092139433833433e-01
4.956429178483067188e-01
5.675627005138543790e-01
6.611096295413790846e-01
9.885422022964701627e-01
7.564281968326088679e-01
9.014867277880552754e-01
5.644363055062899814e-01
6.483233895729710872e-01
4.646388038519535524e-01
6.438920697578512931e-01
9.468441672620684368e-01
5.403075039226291620e-01
2.910970419287800537e-01
6.304081469388100878e-01
8.596052045459593449e-01
6.234586685064191780e-01
9.654523847849579843e-01
3.051361037291447920e-01
9.950542162927054068e-01
1.130403955515639769e-01
3.239096171384118206e-01
4.029550797796531691e-01
9.424598901743002077e-01
8.648335843500598585e-01
4.074812798877014419e-02
1.325518349389800399e-01
4.065462365755478924e-01
9.745463664894296052e-01
1.774160783794395124e-01
8.399429050823115084e-01
5.985932982067613262e-01
5.369586042765398526e-01
6.754815353093723829e-02
1.251800498982447163e-01
2.548568729194827798e-01
3.756279958440466027e-01
1.192421132866168243e-01
5.667010132050948057e-01
5.969463879623307934e-01
3.469802561700926491e-01
1.043561755438729977e-01
5.403857215236029798e-01
7.548638007534834715e-01
9.947755539492832977e-01
8.207778832697295579e-01
8.748638390032701384e-01
7.293441873890746940e-01
8.393430562819058638e-01
3.949253436733394240e-01
2.948243475491407750e-02
9.867968683304989552e-01
2.516065526605845148e-01
2.248859340098531279e-01
6.991879790357613533e-02
9.682476842097146319e-01
8.123326453182680984e-01
3.765300953944110685e-01
9.319310968879763735e-01
1.896491547630193564e-01
9.046224898992643038e-01
1.216248130746079292e-01
6.739674793192722557e-01
4.700881232235215590e-01
1.509437193849844094e-01
6.588308270735188099e-02
5.764783211740343027e-02
3.773765602955465592e-01
3.032267531386260151e-01
4.715841175602397684e-02
5.799044038996337136e-01
4.829619167111797173e-01
4.082198673402444022e-01
2.614752247904159610e-01
3.998276740408556185e-01
3.731556716877291180e-01
9.824347247128994987e-03
6.105793655280010723e-01
2.584838402412481528e-01
9.221855166019877759e-01
3.185110118383683853e-01
9.862543329677402326e-01
3.418826589942742800e-01
7.066158796088743976e-01
2.336871847981366601e-01
2.926789182105964393e-01
2.594903549482628913e-01
3.607629825805754864e-01
8.713606194442767849e-01
7.902366241449630957e-01
1.325443300772418675e-01
8.992977183571340127e-01
5.790355010851102602e-01
4.467371110829536640e-01
7.779534724838111925e-01
8.727566368471575409e-01
4.021244337607808861e-01
3.349939910429329260e-01
5.513903769117343145e-01
3.331101440979753470e-01
4.225293319772767120e-01
3.156455327538681965e-01
2.871256765677434597e-01
6.818301864439750837e-01
1.590796501179019273e-01
7.007526081020964970e-01
5.629033198669107785e-01
1.623872293281378720e-01
8.599889477285618256e-01
6.825619701105792858e-01
4.817660289139350516e-01
8.579329055949231897e-01
5.924304101391998367e-01
6.010204150473890117e-01
4.603750467618850095e-01
8.489102757392750220e-01
2.182167030722295120e-01
8.769524042267484720e-01
8.531542217868991473e-01
6.593394763864225405e-01
9.708918922655903616e-01
9.551359828751656567e-01
5.426349738703033498e-01
9.424176851842117619e-01
3.628333000179251311e-01
7.226773233283825260e-01
3.228260367819036913e-01
9.840114734835437860e-01
6.196964615200781790e-01
3.932874260069871841e-01
6.321708267385622859e-01
2.095900954759318813e-01
5.344474055791901268e-01
6.530402191112161248e-02
6.162647875862320435e-01
7.188292308445032308e-01
2.298745745720426337e-01
8.533025879971265493e-01
6.569131912457729650e-01
7.383496081581150117e-01
7.451045543241954228e-01
7.874606376348135539e-01
5.262144235145643778e-01
7.844933963032167945e-01
3.841539254400145875e-01
4.868452427902186797e-01
6.973622094914112557e-01
5.937870077879352504e-01
7.169429347468267988e-01
4.354549400836635886e-01
1.135479059783801592e-01
5.672114126503652320e-01
3.761327759342685262e-01
6.937689108381783765e-02
8.507247502971125863e-01
6.608978572094637016e-02
9.766924778782326566e-02
1.743125935451732555e-01
5.582946584917533039e-01
6.759538543881115080e-01
5.888694222167304426e-01
7.782592587459565836e-01
2.086960451621336921e-01
2.869099157922407883e-01
3.963336722872878859e-02
2.862732783110594204e-01
2.806848150987573121e-02
6.960388684329291697e-01
4.581532037383231337e-01
4.685355582507955141e-01
7.146557550989856011e-01
6.706209958954790773e-01
6.692876572491038845e-01
9.864651879059254114e-01
6.640783722550175350e-01
2.823031280994980907e-02
5.171166113204580528e-01
3.628493586727880027e-01
9.953903803159034336e-01
7.342033043218859634e-01
8.745877322364392636e-02
6.709776099417095185e-01
9.683290185602451139e-01
7.266026734739137183e-01
6.507046129317707317e-01
8.376267659699043744e-02
9.295092616810297637e-01
3.072435333422289805e-01
9.156126889562596904e-01
3.823142965842025731e-01
4.143578174937234682e-02
2.575285439439846114e-01
5.143302642827416449e-01
1.084683521685936292e-01
7.184566958067187814e-01
7.767084968978928972e-01
5.640195354152798268e-01
4.303190130309775263e-01
8.266552398416455727e-01
1.552469993416661920e-01
1.088057967232326506e-01
8.913385385123874238e-01
3.681798581044175567e-01
4.736555402077453625e-01
4.631543297573170737e-01
7.686103028882073085e-01
7.959434189598533216e-01
3.638958136201564386e-01
3.175750138040940307e-01
8.188727229047078060e-01
3.692236225878602340e-01
5.975934794029504893e-01
9.760294013865878915e-01
1.581906694809943614e-01
2.928999111317340809e-01
5.468229729091667046e-01
9.423274898316256198e-01
3.125420986149952673e-01
8.721000456586613936e-01
2.251206372792284860e-01
1.159327287554332564e-01
6.576837403982882524e-01
8.966434811179929687e-01
4.465670157517769301e-01
1.204379154562402743e-01
7.858048409999941475e-01
7.670795382961522746e-01
5.954004174363252133e-01
4.626772139352132163e-01
8.753484275383301982e-01
9.233725165867598950e-01
1.707249430549632185e-01
3.457899391591586769e-01
9.409748905119258433e-01
2.329568432894311147e-01
2.875790599075318532e-01
8.460444915617754136e-01
1.334573171487984933e-01
4.513496031217862914e-01
1.174206333214434794e-01
1.740080332877003144e-01
8.248196039287504222e-01
6.758923860466504729e-01
3.031350900156728478e-01
3.214108199932376175e-01
9.242218911540229787e-01
7.323222236741387947e-01
2.522915115703241451e-01
4.972761936851277653e-01
9.071621444886026620e-01
1.830785202623915753e-01
1.226337186477196584e-01
6.196452437930234369e-01
4.556311319010775129e-01
6.323039470732220169e-01
6.820178937284196996e-01
3.375643022656480419e-01
4.630000157423265206e-01
7.037432659810838320e-02
4.520069701879775304e-01
3.924842069923708543e-01
2.826117912995222969e-01
2.364860585450748731e-01
5.201910929567479247e-01
6.785202656147019118e-01
6.081410736555433738e-01
1.958130522840603183e-01
7.734928296501887290e-01
8.667933055554720712e-01
7.008033243041893456e-01
2.648874052173763038e-01
7.168377195510011735e-01
5.942158873424865373e-01
4.229947421790114515e-02
