2.447056817662278672e-01
3.633083228000072440e-01
5.508517030439455953e-01
4.532298847209402792e-01
4.209305923951489614e-02
4.207591439545298462e-01
6.810961695906179170e-01
7.886475049475910604e-01
6.705231994503279003e-01
6.685021959453788520e-01
1.813727272661548318e-01
4.125267019599925256e-01
4.965016980797765100e-02
9.498132239100544050e-01
4.978483519078878983e-01
8.160647769793849537e-01
5.274708306401609814e-02
8.490575954433776662e-02
5.508889707526810620e-01
8.539808887346557187e-01
4.866740186383177180e-01
1.285697509076582090e-01
7.264628143311689934e-01
7.704601467437777185e-02
4.632318469602851874e-01
6.516416302252747705e-03
5.866238510235566306e-01
2.575864831794927312e-02
3.015140360797096131e-01
1.417011708918582968e-01
8.020678685957182141e-01
8.224080411024573545e-01
2.361399044325886987e-01
9.126908716633924668e-01
6.092890711152609828e-01
8.194034092626658605e-01
4.683107779209882970e-03
7.012909440705147324e-01
7.365318071004607337e-01
9.674116641132165517e-01
3.475760961464974264e-01
6.121752599342137335e-01
2.050053928961464988e-01
6.426914045704533729e-01
3.299713753851098996e-01
7.381589089556872540e-02
4.533997665199498428e-01
9.068144927564476543e-01
3.315973283404590743e-01
8.182757158530440389e-02
9.045182064761722041e-01
2.008666642512368927e-02
6.921098827003855369e-01
5.686589185169761418e-01
1.807398023468951287e-01
6.095033967868528357e-01
4.857717079185230880e-01
3.509280986956695436e-01
1.428606175182701721e-01
1.065789178062599429e-01
5.017120090273269328e-01
6.999286137164074661e-01
6.852153548313285603e-01
2.764013853733725545e-01
3.226767904889380478e-01
7.895120461776018450e-01
7.627795757628288431e-01
5.364814841870912954e-01
2.275545556011124848e-01
9.304348163612391476e-01
3.582399143015386755e-01
8.502601014264322687e-01
5.639093972279309863e-01
1.857088042905533642e-01
2.489639324826453670e-01
7.948969723927663544e-01
2.431868598618538435e-01
5.513877202579642312e-01
2.982665679778343515e-01
8.645632638252110924e-01
2.008813342536341917e-01
7.784016102959896433e-01
8.488301735569722117e-01
7.202346734090021574e-01
1.097168320737890168e-01
9.806849489442422962e-01
8.495831851048807337e-02
8.256229644693202641e-01
4.127096856254364177e-02
6.486892842949679716e-01
5.236155356436457131e-01
2.725387367836024088e-01
2.262952040520953556e-01
8.890743351053383980e-01
9.642217479151357074e-01
6.515930651698303988e-01
5.206829343705839941e-01
2.082759172020842708e-01
7.249499850148000135e-01
8.687258389106176093e-01
1.814457636261093132e-01
8.973055379023977540e-01
9.273154954635041136e-01
4.155006381520511827e-01
6.198898151552046931e-01
4.380534283606312140e-01
7.735442704109856127e-01
4.506432318168978046e-01
7.815455735252432312e-01
5.486484880305365630e-01
4.332209177615433671e-01
8.117517347315705845e-01
6.219556146733112856e-01
4.583171398678868025e-01
6.348539080481836461e-01
7.914012523003487454e-01
9.668089626887146348e-01
5.913894680756719424e-01
1.807823812594198110e-01
7.198403616235725666e-01
1.927720591677931639e-01
1.766632808128087984e-01
7.286569736818266918e-01
8.603743708759018505e-01
5.025400071943221247e-01
4.198267543098329613e-01
9.805051493518710526e-01
9.215382685891159165e-01
5.999820053064264247e-02
6.549916611512202058e-01
2.443466309352601007e-01
6.359926375577157343e-01
8.434668807551257697e-01
5.751084347816983744e-01
7.517507194953881866e-01
3.884300874631382294e-01
5.431413521822709978e-01
2.638588977298628180e-01
1.923802749935202838e-01
5.587341874611662096e-01
5.847832665108710914e-01
1.398777360580155671e-01
2.541850001930786584e-01
5.518572671528498841e-02
8.187015525766914159e-01
6.555722215827923804e-01
1.913198237614343045e-01
1.832678574893025214e-01
9.484955668418494357e-01
5.107905369042186061e-01
9.290725818632099564e-01
4.679545667689418709e-01
2.605468620178137407e-01
2.982266480475236348e-01
8.018104982966826055e-01
6.807030733725566440e-01
1.153678496770694784e-01
4.715116978187562369e-01
6.205733827031882921e-01
5.256946845141362568e-01
3.793427889959689603e-01
6.105065094772158529e-01
5.120453807408337221e-01
9.744137473945840844e-01
2.507425813617261134e-01
1.782467499096029862e-01
9.271693707306986054e-01
3.641939063005936728e-01
8.570897485146888872e-01
5.722598772007604362e-01
3.585402328874642830e-02
7.443727378163864650e-01
3.627403078319486607e-01
1.728979896883997558e-01
1.030217374290459675e-01
6.503809823046019511e-01
1.513415766607631996e-01
2.457331900554964310e-01
9.030414062399996222e-01
2.959305588828828881e-01
7.889352291409718054e-01
2.226062553706762426e-01
3.430158281278494758e-02
8.647946348430793906e-01
7.029102747432143250e-01
7.000992539964164818e-01
9.701831114528259858e-01
3.562137706929202619e-02
7.763894873792323015e-01
4.494059500146737607e-01
2.777191966259898726e-01
8.256015327328311004e-01
2.975391654571304390e-01
9.807781686337425642e-01
9.807737111551498854e-01
2.407678756219504557e-01
2.892204678478506041e-01
4.382038864290971336e-02
7.436711432831810686e-02
1.598663443964040143e-01
7.039661891029064256e-01
3.308757881294559500e-01
1.744602484883247540e-01
8.062539604286548256e-01
3.138743293592871630e-02
8.450551269385552233e-01
6.069474842164107597e-01
1.069595550765264358e-01
3.881116993474643673e-01
1.068090364231882861e-01
8.501248841666880773e-01
1.534725870796634917e-01
5.627078634652643574e-01
6.488382087975514967e-01
4.873876232424831922e-01
5.958543097644043440e-01
3.090120396286205606e-01
7.854656602508540697e-01
3.200798538098673651e-01
3.063107292193435471e-01
6.098456262464425626e-01
5.181283321178137280e-01
5.777340678335096680e-01
6.846856337036830720e-01
8.303613301105241540e-01
4.826296979015117783e-01
3.687882670784373706e-01
1.518914058585445481e-01
4.557490330281218638e-01
3.025638599414526286e-01
4.320373288041803317e-01
2.879753311385835346e-02
2.509806874630060580e-02
6.408532583495896162e-02
1.762598247963202969e-01
3.981951695053939089e-01
1.852664751758046346e-01
7.914357565768570524e-01
4.534827212630776483e-01
3.871961338467685421e-01
