6.122386453679949936e-01
8.383778508064210211e-01
2.204478119677962811e-01
5.850041279347780732e-01
3.356748400714218983e-01
6.865934742682224812e-01
1.557321148426054069e-01
6.358624650890857266e-01
7.198917504476380902e-01
1.759063900408330827e-01
2.745537072244648158e-01
8.423508879912340319e-01
5.310364820802713215e-01
3.537296427363975093e-01
2.146098676373368042e-01
8.411813312462033121e-01
6.478810462388915337e-01
9.992675679096129082e-01
4.823062483898725716e-01
7.324623385484931859e-01
7.993461696490181678e-01
8.167696104773853882e-01
6.158406157270126524e-01
9.002625646807546067e-01
4.463904135236673731e-02
7.066794795387552064e-01
7.172112246049865414e-01
5.306201227357220107e-01
5.947874975180224011e-01
2.036989014577917922e-01
2.106379745870944342e-01
3.755466106798273085e-01
8.524518353581411745e-02
7.608804360706652448e-01
6.546518360322866048e-01
8.759051435412801290e-01
9.571815704314120543e-01
9.805543676417939336e-01
8.042944981478138411e-01
3.369815486448266562e-01
7.575402135013933336e-01
9.377137330360308942e-01
6.135813720866788445e-01
7.211664707289113796e-01
3.361295916163370423e-01
7.616524313353285613e-01
5.317042064691290815e-01
8.268414614681132147e-01
9.804467767296006775e-01
8.458913832054870685e-01
9.114066111977656703e-01
8.626707296445288442e-01
8.260758370431589004e-01
2.810213428578022254e-01
6.736749365190105587e-01
6.905132412739120040e-01
4.300487918912929697e-01
4.630221953425418535e-01
4.026017680565157075e-01
4.663830669908060056e-01
7.902493095249198962e-01
4.142191582455772014e-01
7.435462586835817067e-02
1.481036295818303206e-01
1.311068695239165915e-01
2.710288209422484496e-01
9.562283763521614022e-01
6.335355783664933238e-01
1.193210155011298346e-01
4.225662661225770833e-01
8.353311708392480162e-01
7.527080579628242507e-01
3.072910500450668492e-01
6.313674072791342073e-01
8.813361120087734868e-01
4.806950255758573043e-01
8.447565907447482925e-01
4.584074287444693807e-01
7.167574014276306693e-01
1.923761048151113595e-01
3.449168534574319489e-01
6.935518091634521598e-01
6.661219901052486403e-01
8.927614846097114976e-01
3.117533297678025672e-01
9.412130344081572897e-01
1.368125127618311510e-01
1.081843248841688476e-01
6.199378005440194794e-01
2.335768213818563144e-01
5.036199821689123501e-01
3.375965955988823319e-01
8.981145051153885950e-01
8.590905331923943677e-01
7.985543195314884768e-01
3.805096858495178314e-01
8.305044724332899531e-01
1.984380147486080048e-01
1.002561043291404497e-01
5.637873520573301045e-01
2.082111538436610676e-01
2.492875066686881524e-01
7.580102589929665902e-01
8.075104190666160253e-01
7.148650831868553768e-01
6.620964049482469527e-02
9.865274810655642046e-01
5.895275293968789132e-01
2.385708592346281742e-01
8.649322791038193126e-01
6.890248600033999082e-02
9.064805225123480081e-01
2.836433816050709655e-01
1.713164522467374162e-01
8.654772014425157201e-01
1.215841076359355233e-01
5.404947060755505017e-01
5.871616072848585555e-01
2.399829327461195927e-01
4.004285156844855642e-02
7.066905340282888526e-01
6.767817165180151084e-01
3.894012771522126215e-01
8.899799455145919191e-01
7.827930811169516723e-01
8.262277848199374164e-01
4.415979455298520984e-01
7.041029155480826862e-01
7.857082492730832479e-01
2.705439476531932286e-01
5.205369643818568148e-01
9.384442865561759550e-01
1.875157168120519247e-01
2.237614818651934012e-02
8.604993761663222163e-01
5.914105633691281172e-01
1.475520299863428697e-01
1.946599892688807287e-01
3.162349279543530400e-01
4.293430184986413156e-02
8.978206712320035976e-02
7.512755536341718665e-01
4.569533415689526201e-01
1.756272958509067506e-01
5.566935184410924942e-01
9.235550107328478475e-01
3.574642662874967236e-01
7.611131567486595362e-02
1.811552399444849026e-01
1.813589583475556655e-01
9.627322977545815785e-02
4.643451628042530865e-01
2.654176618261262499e-01
8.046300015604052058e-01
5.316317379764931017e-01
5.000758800389641934e-01
3.049306065660639664e-01
1.366888495163968154e-01
9.699392004569381553e-01
7.649841610359986444e-01
1.641367565255892336e-01
5.235830603178923681e-01
2.071702465269668059e-01
2.217905806621942588e-01
7.839791451355412333e-01
6.936966637537694824e-01
2.060594985413642943e-01
4.290378873239127921e-01
7.325937381090177336e-01
5.003314005009337206e-01
6.711643672573840425e-01
2.609849934309205199e-01
2.358836631850651511e-01
1.545511466201962003e-01
9.413604329812439442e-01
5.775390733437649748e-01
6.647686272355227688e-01
9.867011557289053769e-01
5.606627490519366930e-01
3.995081350877505155e-01
5.286160525009363509e-01
1.186782501075696050e-01
6.973959129308129334e-01
7.205894440441604765e-01
5.850613459742812772e-01
5.013553287245560153e-01
1.666475626634221774e-01
5.855593652395999493e-01
2.373275376010267612e-01
8.199369694402307562e-01
7.170032313591000461e-01
1.113023993630923858e-02
9.502017135989071495e-01
1.534672299942211326e-01
3.486323672533404583e-01
1.117564102690897787e-01
4.612879651719614671e-01
3.001714738224885437e-01
9.135408537811063878e-01
9.295988850594505415e-01
4.252510784628420470e-01
6.524576228724823235e-01
8.512631358347781951e-01
5.741738141278958096e-01
8.604942536198527669e-01
3.273263252756521968e-01
4.011713604664121080e-01
5.511983925782326654e-01
7.050804991587525938e-01
5.161159647493333003e-01
7.065763172292262029e-01
5.886472575629297932e-02
4.184956510578532463e-01
5.044585799638259260e-01
4.254079840888784769e-01
5.642803367240551982e-01
6.299287552291589209e-01
9.488944545999454805e-01
5.545393233514548381e-01
9.916229348309550939e-01
7.505871391246264901e-01
7.394413474801077024e-01
8.374014578879795945e-02
2.398319242919720873e-01
9.902344951096826442e-01
9.698385369611723927e-01
1.382073132175198893e-03
8.155215736031219409e-01
2.060615196674011607e-01
4.334245000441940832e-01
7.195763061942095362e-02
8.921052354670825357e-01
6.165524022409751836e-01
5.870692267084908211e-01
5.514642957945053992e-01
6.226602541977466210e-02
3.433040797325300764e-01
3.247977678414210034e-01
2.949873442021202496e-01
8.462062109934084253e-01
3.295078003333211658e-01
8.027506312523480236e-01
9.971033140537369777e-01
8.088535167939845394e-01
3.222694218261996646e-01
4.912795815327466453e-01
6.091624726272191204e-01
5.006405738665696825e-01
9.529739307228072276e-01
3.649842372654414913e-01
2.559999601491693699e-01
3.550237643196875181e-01
2.064381513978011951e-01
7.895413003228104465e-01
2.354763509893894602e-01
1.963382723646012185e-02
8.579860736925450926e-01
6.062973730654263038e-01
2.831980524761767981e-01
5.785380792551696461e-01
7.320205368129439893e-01
9.652294693269942716e-01
3.152309156138384250e-01
9.728625883783028616e-01
1.451022571585851573e-01
6.326051735788897901e-01
3.539651942739329149e-01
9.839136801633064922e-01
8.213215662294410802e-01
1.135894107262839237e-01
3.167994948207567552e-01
3.415991865351044598e-01
5.335177147998345637e-01
2.750430789461532077e-01
3.482164409503568647e-01
8.153344528560455551e-01
6.547653964027334572e-01
2.059825312774534734e-01
2.063948861113371613e-01
8.812048449668079542e-01
5.240304036129304066e-01
3.463226904705086762e-01
5.711227508781638873e-01
4.684761004648180238e-01
2.586317249764840120e-01
5.135906669903156363e-03
7.917554782067052210e-01
2.734613905581424476e-01
1.987110203212472115e-01
9.948796213889677942e-01
9.119925928077214916e-01
1.283620930430199314e-01
3.674706717645107590e-01
7.133115560822510526e-01
6.740441059139001823e-02
1.008689971785935446e-01
3.268133561163054646e-01
7.050674468484396940e-01
5.749568559192290707e-01
4.134541946402807699e-01
7.230679755553308663e-01
2.156797842160151912e-01
9.062941618233144592e-02
9.583812440651986453e-01
5.680062672198460394e-01
9.796933975398782746e-01
6.729729563538596748e-01
7.748865526534020054e-01
7.619863767797474541e-02
2.072746166981004334e-01
4.507679705988546504e-01
5.503186994638782359e-01
4.602182810986540362e-01
4.300529369173831107e-01
7.206500743024564226e-01
2.026442739055209774e-01
8.418260998899455005e-01
4.554368986891246252e-01
8.111296207814331360e-01
5.120316289798950704e-01
9.744864009098274105e-01
7.703029112369919051e-01
4.491178435779907829e-01
8.542996229891887117e-01
7.446739941684752395e-01
6.809737916266112023e-01
1.361199644867966407e-01
1.935118625888765376e-02
8.836959743115907484e-01
4.755355843041113584e-01
3.609180704985349708e-01
2.604126684485350562e-01
6.711673291181134982e-01
2.229562533993375562e-01
9.404776176901177287e-01
3.113032962246068402e-01
4.845352281959445229e-01
3.305690313377934730e-01
7.070039744687163230e-01
7.995210623496974423e-01
5.077929955138713591e-01
7.293806272384574241e-01
8.205922943141251702e-01
5.801509417601705687e-01
4.468438986997638196e-01
2.780186274308100725e-01
4.191750715388115056e-01
1.113059948471788463e-01
1.237957389376679318e-01
3.405972764010902765e-01
6.048503149823980518e-02
4.165121116024188552e-01
2.456034193705177726e-01
5.819060969720590837e-02
3.682030103007346566e-01
2.720615260127945412e-02
5.833933672020719108e-01
9.658809603633677909e-01
2.516415314937524572e-01
1.780460922413872327e-01
3.779783120840088939e-01
5.589992945187353124e-01
3.104151360877905885e-01
8.731461244103927433e-01
8.956564112600844396e-01
9.008129296775112538e-01
8.963074390953167381e-01
2.730329622213322205e-01
5.488550506787343020e-01
3.520503447760024995e-01
1.574776843801724002e-01
3.337153743879232026e-01
5.276604730020048040e-01
4.959859253101197574e-01
8.862179464810086005e-01
7.677086903986496402e-01
7.463323252783963246e-01
4.917517006360582199e-01
2.111735206713623025e-01
7.191897685780713756e-01
1.556316262812360574e-01
4.253837536643004791e-01
4.274957972208038859e-01
8.800594471911087346e-01
9.592347742942675115e-01
9.122223796901207660e-01
9.549254351172797861e-02
5.288922094568899723e-01
9.851230712758108909e-01
4.964749660912535223e-01
4.722283093948306254e-01
4.797270092255466745e-01
4.973640541383286262e-01
7.102271951909809866e-01
9.919688418812130370e-01
2.215444724001858212e-01
2.696962862175393827e-01
9.413439341746201450e-01
4.201902619165335251e-01
9.076889752428808356e-01
8.801877722729983811e-01
8.606655056174358220e-01
2.661385003521221648e-01
9.184912477158413413e-02
6.588185072274235221e-01
2.070133279461220388e-01
4.115431552249333436e-01
7.253129010517810338e-01
9.747020137484069258e-01
7.918476109010942343e-01
2.313114810110943331e-01
1.997797160272370975e-01
2.690291979078596185e-02
9.243000158434238056e-01
3.476181144329525408e-01
8.635260194771614550e-01
1.653303299876293098e-01
5.418484056085364209e-01
8.931861769294557885e-01
3.501284355549056926e-01
6.471023962327397960e-01
3.231647652967915008e-01
1.767436982969794457e-02
2.007434930211379198e-01
4.885831079140303679e-01
4.649890557580146355e-01
6.491617295834343215e-01
2.455323790718171306e-01
2.600236927442665102e-01
2.585209672348742771e-01
8.047060802620036313e-01
2.314955785263652643e-01
8.438864855523167119e-01
9.984388468642151349e-01
6.504831629030104478e-01
7.933586209545593348e-01
9.779443231141931037e-01
1.966132786496408436e-01
5.793932293697729996e-01
8.720992882985286743e-01
7.319828897209279539e-03
5.947513946060853929e-01
3.829894726373238578e-01
6.267911398061828399e-01
4.912003569599517894e-01
9.574555310448885637e-01
9.510496815360379719e-01
3.289206135321341984e-01
4.256593244110444818e-01
1.373792245636353826e-01
2.384118094075834415e-01
9.164125798197512163e-01
8.043371125719739334e-01
8.204110826510022658e-01
2.383552800069205224e-01
2.481733776053351992e-01
9.808377829255665592e-02
7.578755061752741051e-01
3.954686967415987908e-01
4.927243440392327090e-01
5.556244020289046182e-01
5.677082829072658265e-01
6.752369685393788679e-01
6.028521128968434839e-01
9.401402652322810027e-01
2.700639915484150944e-01
1.621618716104241686e-01
4.901087677187785374e-01
8.640073545823011569e-01
5.046069921330578190e-01
2.676613666029700189e-01
1.307247417165033898e-01
5.389320452827692787e-01
9.638658787198813860e-01
8.802006569648128664e-01
5.558937273891941810e-01
9.322247309949354133e-01
7.657439482523086260e-01
5.100956903329626480e-01
4.935049122172529001e-01
