1.220160989600435064e-01
3.124765676394530844e-01
1.791136855673560735e-01
4.706829083157652027e-01
1.220945158551701715e-01
3.730358465451225625e-01
5.647667293546529965e-01
9.527851031372278623e-01
6.488940715177418106e-01
2.694165573121631851e-04
3.622684354508964866e-03
9.928804840908248552e-01
6.368536635481011343e-01
2.608184732878126022e-01
4.471271441085004072e-01
9.820546871402232592e-01
9.892387031632094985e-01
6.927223020894679451e-01
7.142231248887809247e-01
7.547318704268453082e-01
6.831591051113991009e-01
9.509394890869979911e-01
9.928469302488222015e-01
1.769191211444305356e-01
2.040381703480674824e-01
9.348760823924596730e-01
3.980478892978777106e-01
6.693121668006709601e-01
4.153975607868687359e-02
2.533469553175791145e-01
3.897831300922345310e-01
1.184922349647224982e-01
5.301090280005875677e-01
1.368471342263127832e-01
9.972943898985383582e-01
3.157677421404091467e-01
5.812775745297694696e-01
7.915830838988359153e-01
9.808063656796800478e-01
1.344266869255126284e-01
4.430515644137642539e-01
8.191755595198446649e-02
3.940838485109265932e-02
9.131417722100603207e-01
2.370695231691477556e-02
3.343357272475120379e-01
3.389222853085749332e-01
6.972826775278078149e-01
1.335849322307820497e-01
3.646607618658930239e-01
1.311945445764830520e-01
6.345415823972784253e-01
2.628633944098882624e-01
8.972774762275425031e-01
7.042226698396500950e-01
7.560410519516742589e-01
9.594601994742167905e-01
8.348614207685728372e-01
7.948514229846957990e-01
9.856077799454441291e-01
1.315096841534837413e-01
1.516015018968803751e-01
4.013971300490726257e-02
9.372710570241984396e-01
1.369383986069675485e-01
9.746505320435815412e-01
6.613875497948574766e-01
1.046847684323020111e-01
5.291138881014328943e-01
2.237942836005000213e-01
7.238766822225380926e-01
7.947571741789727362e-01
2.072150849862405275e-01
9.806086907565033650e-01
8.781119895619837745e-01
5.717150324524064020e-01
7.140837781342534996e-01
3.161244936160195751e-01
9.963314221462309384e-01
3.147030435692487194e-01
3.973153290468361964e-01
8.729304308040924942e-01
3.175178001815643913e-01
7.142879064515397225e-01
8.321751392363406774e-01
5.164823775386718774e-01
3.869150395097386008e-01
1.253582857741544210e-01
9.388386189345098165e-01
6.512542900245962274e-01
5.226045720091818669e-01
6.620063389840858958e-01
2.481478977971867117e-01
1.865672245700014109e-01
7.940599762825756303e-01
3.296315300305332485e-01
4.443974518729122414e-01
7.188976306955883189e-01
7.764253766195939876e-01
9.384739967288779905e-01
2.614454011615040541e-01
6.195031112429293385e-01
9.472060066750772611e-01
8.992620566933419157e-01
1.649809891585787280e-01
8.577670237284450439e-01
7.847507464455143467e-01
5.214203794137562964e-01
9.405043412867452046e-01
2.064347540171574957e-01
7.945968059926367122e-01
6.881794563056496949e-01
3.206979174412006861e-01
8.038353009517182901e-01
8.905953811435124434e-01
6.211397427754470346e-01
8.026351833541822689e-01
8.218255075220064487e-01
4.724390777303751898e-01
8.206582801298395458e-01
9.679247028100046446e-01
9.430027508288723048e-01
5.142000143557479142e-01
4.012183839970802079e-01
2.918399907646925806e-01
5.556752457001494783e-01
6.930656340835957829e-01
5.531029306690701253e-01
8.606762858284846551e-01
9.836593198925358550e-02
6.625913052378045176e-01
5.997960343310867470e-01
1.188230849732054839e-01
6.628928837844247912e-01
9.952933633430791627e-01
7.350423938018757486e-01
5.251140616632479219e-01
6.539646504420179030e-01
5.872552205604900655e-01
4.294257514332736614e-01
5.657563145280748440e-01
2.497124704394748651e-01
5.654587833615906112e-01
4.042424866601617151e-01
8.589745382670899154e-02
5.161164481394000525e-01
5.154069680812288778e-01
9.328869057292975553e-01
5.892950297127970138e-01
9.044365042421056433e-01
2.079773458371736439e-02
9.112108833863628021e-01
1.065502562112932150e-01
3.463049980695765973e-01
6.156565809662305488e-01
8.956889522049550356e-01
3.743718056477937095e-01
8.781711200052199073e-01
6.524135623025482111e-01
7.761378088491155403e-01
4.897376243816197183e-01
8.563005873879648844e-01
3.903323464775805274e-01
2.170509911404472358e-01
1.554772794655165935e-01
1.906142223863744878e-01
9.799476179119269714e-01
3.028308383920977898e-01
2.864253241523331273e-01
8.193830279860457866e-01
7.266431012918072030e-01
2.764638898400568756e-01
2.989662961232731897e-01
2.183319662537744899e-01
2.570609512327869384e-01
8.718537906495258394e-01
4.269074930590888162e-01
6.115789925043491060e-01
2.443842864795133796e-01
9.920131602269723903e-01
2.834999373951411217e-01
6.765597470183533080e-01
9.816997362801859195e-01
7.901209155491238922e-01
3.165449245742515405e-01
4.893482877316743807e-01
9.887361042468388872e-01
2.624026021233726302e-01
8.435497128590041527e-02
1.862111353341803222e-01
5.944504396422473080e-01
3.193870549928241598e-01
6.603869083724824840e-01
1.003978485568168821e-02
2.832775333360252334e-01
6.942601744200098679e-01
9.718916178673525641e-01
6.207394362904966600e-01
9.819674203131791845e-01
7.589805291743307869e-01
7.336535255845423320e-01
1.632420902788387362e-01
2.291041365624902904e-01
3.042828380187835302e-01
3.932742639859744260e-01
4.348856996137341335e-01
2.133339967691461059e-01
6.730040106713985892e-02
7.748828028061840456e-01
7.026873415960687153e-01
6.820025873265748162e-01
5.530408597953349048e-01
1.009949562181233773e-01
9.680567383597180608e-01
8.332959160987594149e-01
8.712657677690544000e-01
8.644935197113386982e-01
3.047220370890557639e-02
6.644018390077299774e-01
9.655419006146461758e-01
3.605262584961854699e-01
4.309794816762383407e-01
4.228990509594218183e-01
4.263674023381354150e-01
3.736156541177715340e-01
7.780517048620042564e-01
2.873399153191422695e-01
2.138711142480964611e-02
5.805415164003292494e-01
7.229874334107211364e-01
6.090896052208488731e-01
5.597190791205360894e-01
8.356913822413989390e-01
8.050455254207762312e-01
7.994183225373943102e-01
8.559033416916099757e-01
5.406850000743974594e-01
8.303086959247015786e-01
1.599227063060348897e-02
1.024192225139294310e-01
3.710651644048831299e-01
6.185871819406254524e-01
8.657947538977133206e-01
2.860907401440377917e-01
9.838200592031748348e-01
6.543044185440307636e-01
7.539630801250831738e-01
4.125932767706355087e-01
8.407591803332454816e-01
7.055753960954297410e-01
7.572952193034755419e-01
9.605768314572795674e-01
7.283569113207456480e-01
8.973746767533475888e-01
2.941963378737005863e-01
4.816261429306099018e-01
9.101093085091045420e-01
2.923877604928962759e-01
9.563194409737142410e-01
1.574279723640852335e-01
9.072212779242418978e-01
5.886107848797506037e-01
4.488262278497828772e-01
3.598196209850168525e-02
1.760444898693509508e-01
4.120145736258015168e-01
7.459602092644831428e-01
7.077179709559042742e-01
5.238973556046427893e-01
1.268164396422781781e-01
4.787047817029810304e-01
7.093419225789764360e-01
2.113619886140480908e-01
3.677533605818209539e-01
3.165342151126854242e-01
3.828904411811470121e-01
3.241808315708166743e-01
4.632955681262598269e-01
5.297742101506506263e-01
3.684255547770480810e-01
1.096843149672144246e-02
3.141246519703870810e-01
4.511094720852741879e-01
8.870068298806064178e-01
9.032822306774888066e-01
1.126673013128400846e-01
8.599625373628499991e-01
4.560447157867530965e-01
4.756247796143560080e-01
1.901995920442436372e-01
2.236807117428951663e-01
8.363703129772259715e-02
8.402925298613406202e-02
1.507074132090024943e-02
8.748142081093928102e-01
1.542730113847771145e-01
6.534187530480846107e-01
3.062479150470663880e-01
4.713302097187320738e-01
5.227635192143738063e-01
9.385315350931996425e-01
6.122199516953319431e-02
9.736934597104316413e-01
3.203631488136866601e-01
2.678868442141557615e-02
9.359523039030048785e-01
7.236409638389486032e-01
3.859459771952986618e-01
4.319781646812951292e-01
1.718143927832435081e-01
9.698676838282087598e-01
4.293299531940097946e-01
5.735543951580929223e-01
6.359790941509413376e-02
6.609894291881023287e-01
9.673037633362820964e-01
8.084402381229444101e-01
1.865919590305299414e-01
8.359676409945745457e-01
9.037398061162638108e-01
1.457405938570585091e-01
1.800077696423193485e-01
3.793682950069622306e-01
4.911484128597709553e-02
2.621286693033584303e-01
4.498382869503921855e-01
2.624138026925515454e-03
7.015125384404438114e-01
5.909265814725622734e-01
6.502191743846774674e-01
7.810681934253632663e-01
8.385918451973359833e-01
8.324323148123266014e-01
3.565599339386655853e-01
5.564140569876606657e-01
7.601782534014435155e-01
7.767008301921624058e-01
4.851254576638042160e-03
7.398567196020936487e-01
1.319506123614134774e-01
3.191441486825233875e-01
2.891922572898185662e-01
2.087314824680733816e-01
4.390389040591258230e-02
4.826406357594237306e-05
8.243110956565905534e-01
3.177239750453071387e-01
5.046511640149499156e-01
4.718782315729673771e-01
8.582759323506319316e-01
6.329156156021764623e-02
5.017860416480013352e-01
9.497593489362646801e-01
1.705259317984243461e-01
9.560926040549624361e-01
3.225632741625711342e-01
6.480215981526755709e-01
4.991846213665815934e-01
3.795141178677471361e-01
7.737327913160298998e-01
1.567601994664836740e-01
5.994255447256391367e-01
7.811240544232861405e-01
4.151547600100783386e-01
4.831429851272007747e-01
9.354192632775298888e-01
3.217332932206797835e-01
5.174540763863361148e-01
8.988639461332665892e-01
8.617566577325941335e-02
7.098998263229345795e-01
6.519313503122258213e-01
7.054960125114528857e-01
9.365735296798040066e-01
9.893340505064976975e-01
8.367846106632498282e-01
1.181476016463768319e-01
5.370167892250865549e-01
8.684869372727197501e-01
9.723404337586222246e-01
9.632019188903535589e-01
2.768838871011827241e-01
3.180002105918733335e-03
9.844010376111781424e-01
3.742277964071657470e-01
6.013736917120768855e-01
5.839227638310073853e-02
6.318771106719648367e-01
1.598019356023346882e-01
5.811558828183247538e-01
7.474746488928442067e-01
5.992552163896004425e-01
7.851498503539789953e-01
9.693057429597606856e-01
5.856056610439290822e-01
6.474684021659510291e-01
6.640964892212938286e-01
7.709741687695421675e-01
6.660228424298203498e-01
9.217952228710116769e-01
4.883330325758398205e-01
5.340669236282792331e-01
5.122911329256976121e-01
8.334609455390352695e-01
4.036810498200523734e-01
5.099606904650136885e-01
2.781141417877862621e-01
4.210119677019397155e-02
3.144448504088659391e-01
3.844276465652233243e-01
6.720193366196884899e-01
9.042380682878420339e-01
4.492563649006549031e-01
4.190766552624382024e-01
1.599199622721747538e-01
3.571790849468532425e-01
6.461802739124983264e-01
1.965302748962005630e-01
7.329151015173644979e-01
4.112403788123837334e-01
7.548992719688072395e-01
8.129027579488378175e-01
2.892442537082621223e-01
9.904183218599688088e-01
7.153194622545789860e-01
7.457745892553462319e-01
5.950220238457298860e-01
1.691698104465568786e-01
4.427886409165006087e-01
1.490781473974253091e-01
1.330950881159109755e-02
1.490175226734800074e-01
6.253231939891858993e-01
5.080176191741019309e-01
6.332848262941094264e-01
4.298394534347371732e-02
1.344772754854840491e-01
8.661918493014676423e-01
4.325697120112529381e-01
3.409470561493278540e-01
8.014922419862506864e-01
5.810738535131423355e-01
4.419832402650795133e-01
7.104201760395071341e-01
8.305075407229393081e-01
3.582998908897682133e-01
3.556464201089643007e-01
6.468752550369406551e-01
3.483567258542358269e-01
6.805346775402227877e-01
3.993875102179393899e-01
1.886247473708817513e-01
8.104030929042295162e-01
1.485974460922224738e-01
5.350795036129609716e-01
2.759372100506775061e-01
1.028968266150913635e-01
8.475684862618176885e-01
3.602295228626160029e-01
9.932735974896079734e-01
8.434120929779044262e-01
3.793368971163330050e-01
8.821189831254406810e-01
2.149699617649047934e-01
6.068415452933970666e-01
9.052060787397904207e-01
5.431186751492861342e-01
3.278208210617290508e-01
2.202852200551069783e-01
1.938971033520999754e-01
8.700774253056882124e-01
7.494162732472585686e-01
3.696518205735339624e-01
1.630908453853796569e-02
8.670345220651204388e-01
2.123931492350018546e-01
4.208952348709738001e-01
9.887536949876756243e-01
9.015258623909838676e-03
1.347383178969807638e-02
