4.148254158202883124e-01
9.378965284493301358e-01
6.413372492700425420e-01
2.957859244781561037e-01
9.219869139385372669e-02
3.563787686134618493e-01
1.133473234570342436e-01
9.680296198688619347e-01
3.711687731828905434e-02
4.977551426972918192e-01
5.572956935087404196e-01
3.354894428400111428e-01
6.499301500222308681e-01
9.705537104791406300e-02
2.653052934950455022e-01
4.079280217307197365e-01
9.407226754680260150e-01
2.537688725015704305e-01
7.498435979133872831e-01
2.411306516189800631e-01
5.541312482527468442e-01
7.814942421241222181e-01
3.025506465035474601e-01
4.937007332482331590e-01
2.207749644374507048e-01
6.914538619276854314e-01
1.779027708329431468e-01
3.036283118280547200e-01
8.462541432323097412e-01
3.733408823782219388e-01
9.668889624432954744e-01
4.903786193752140976e-01
9.131205949596894467e-01
8.152236547606404038e-01
2.114892303844099208e-01
4.903435405475009556e-02
3.252733282789194158e-01
2.779708834495695502e-01
9.008258324907704173e-01
4.865772017381346792e-01
8.520388465981914017e-01
7.997912901743464698e-01
7.550684033377804694e-01
2.391441200964213865e-01
3.016261268379794025e-02
3.541895975177521416e-01
2.240881825992244725e-01
9.156728687045777582e-01
7.134337688958869439e-01
7.883535281149298690e-01
4.134265175387225044e-01
3.576584553822809154e-01
7.319877420053964023e-01
4.267916508530060771e-01
9.680000071429082364e-01
2.351651126547859016e-01
6.496229850951431573e-01
9.040418014011624148e-01
7.806277398364588338e-01
1.429827241316189435e-01
8.226060371999726062e-01
6.183384634627003829e-01
5.668320520336620483e-01
8.515641545278993529e-01
6.758746252054896875e-01
9.237960872126622647e-01
9.295131251344325163e-01
9.693270254976725786e-01
1.639291010088875788e-01
9.488401227714445829e-01
3.095407725246366315e-01
1.752932908538102907e-01
3.515224218268316880e-01
3.942252562433157248e-02
5.273304857167950832e-01
7.951908411033871138e-01
8.250364785297603643e-02
9.761858670675170879e-01
3.344050909883329314e-01
8.226389153678403954e-01
2.062725692542730638e-01
3.670284972996400441e-01
7.359532977297273959e-01
2.975282543948948311e-01
7.372346521056577506e-01
8.009727370914241362e-01
2.578216751601349888e-01
5.826069916376447333e-01
4.896696832011151468e-01
5.678167534259616067e-01
3.327072910195755240e-01
8.064750957408254317e-01
5.445647570800773440e-01
1.426205985048175640e-01
3.925947567531524740e-01
8.976126390984495718e-01
2.967222317984972157e-01
9.980489029489875152e-01
4.227908556477798507e-01
4.545655015968715906e-01
5.132343882327954354e-01
6.862510498841898343e-01
8.203467684789949033e-01
5.763106906333849144e-01
1.548666509243541434e-01
9.798534553311251116e-01
2.745902013284933219e-01
7.586785072933500684e-01
2.907969370776555262e-01
1.378615703751534527e-01
9.830170595928936494e-01
7.050688551268400328e-01
3.699930123681618443e-01
9.979551420563437247e-01
3.805628359068000677e-01
2.217805816507715244e-01
4.196627396158837398e-01
5.983486189168540914e-02
8.040984999269640277e-02
9.799067700500552203e-01
2.004786418817057214e-01
1.871140736043274133e-01
9.524857968780372497e-01
9.803830811579364868e-01
5.733107067033060833e-01
3.319790755729750131e-01
2.933474693374915621e-01
1.540468008697791769e-01
2.097488598614167810e-01
1.892702508865222732e-01
2.588461829500087186e-01
6.504546248120968155e-01
6.589895995313529431e-01
3.654172489144846825e-02
5.361861018078094565e-01
3.331188410093033347e-02
5.721473311054297017e-01
5.637446930550983337e-01
3.353142637092449974e-01
9.738884695809368885e-02
7.100979638615448897e-01
7.796408760686467376e-01
3.533041415548611175e-01
6.188863527346317728e-01
1.949865045439700406e-01
2.352568406279540447e-01
9.081191238788843823e-01
7.742254151499767811e-01
3.682252304105154694e-01
8.012430289539497208e-01
2.395111061911585626e-01
8.984777837233086650e-01
7.516307005880403791e-01
9.706098740060606911e-01
2.647798071847259349e-01
8.083062107400845742e-01
8.546565679639361868e-01
2.739003703832962877e-01
9.639012442544969694e-02
2.026168889423229924e-01
4.320991836808139031e-01
8.828425218555170373e-01
4.994482644610442890e-01
5.847973238894028647e-01
2.862195940178496878e-01
6.416640753570150846e-01
1.603627446799799072e-01
8.779153696381408745e-01
3.681709189327028175e-01
2.862386987845833008e-01
5.359992815423075818e-02
6.931420683602363964e-01
8.218175148286575027e-01
6.464446440426625529e-01
8.912465865405084786e-01
2.439283785907994107e-01
3.357244013147164807e-02
8.161171065022854165e-01
3.144928025979043529e-01
6.643731214610952840e-01
3.999347816665186350e-01
7.604377432047465524e-01
5.796225113167089438e-01
7.206774466713883331e-02
8.552309359216585527e-01
6.255327348155224065e-01
8.128805241390528735e-01
2.219005141979776274e-01
3.003507519283291627e-01
8.346999165072854776e-01
4.285431028463152492e-01
4.022529699898158562e-02
7.374786352242671539e-01
3.373530531915591713e-02
9.946735741350609672e-02
6.335363012842550878e-01
5.052616634945175100e-01
6.560350259857425925e-01
8.046120332071506898e-01
1.885325392389157750e-01
6.880173639030492394e-01
8.260619327221029318e-01
1.478240571870172992e-01
7.484722449861678228e-01
6.426342925080213986e-01
8.523188194889209646e-01
7.883470163908560258e-01
2.992538669574142940e-01
5.259929622480414846e-01
3.891137715627188687e-01
1.571109777157052578e-01
7.588002163262634880e-01
8.270975676714154012e-01
1.176665743156071198e-01
3.175705340645341712e-01
6.316842433476481666e-01
2.324928930982468334e-01
2.313155740526270376e-01
1.445992908701005941e-01
4.322919987937874353e-01
5.366406171227894317e-01
3.022830252909997073e-01
5.213676529907071977e-01
9.440030284366544011e-01
7.296243049277829629e-01
8.589877352975494595e-02
6.303562012424297478e-01
1.244318557961598959e-02
6.631871624196556958e-01
9.911551020477796792e-01
5.713562890715272458e-01
1.004168058243275485e-01
1.836374403577325509e-01
4.730127716500164281e-01
6.390618307496925832e-01
7.560503488422420926e-02
3.799469041052987439e-01
5.499045566144554753e-01
8.695951628283579149e-01
2.260799025799065110e-01
5.255102234681496842e-01
5.324793959785207864e-01
4.047541923321358315e-01
1.648489118345717319e-01
7.097825681826914757e-01
6.823494356560738661e-01
8.407378389299052790e-01
6.884026068484657701e-01
8.753273329801052327e-01
1.618465647192551815e-01
1.322469671038043471e-01
9.023741177743725972e-01
2.286355137840575535e-01
7.295494429595529295e-01
6.908317674123473084e-01
7.497999396265040417e-01
7.494295427972980095e-01
1.382278227837843154e-01
9.366325085726673327e-01
9.059176154387749147e-02
8.279803693757026295e-02
8.981408645433156535e-01
6.838206428166002659e-01
6.840665717293440418e-01
6.625613547397825043e-01
3.945103703759711422e-02
1.606392712662459976e-01
4.726538932763997281e-01
8.315242572659515830e-01
6.045443146717358607e-01
7.151319187731318694e-01
8.959648846616891094e-01
2.697674805548995192e-01
9.342092268132218269e-02
3.419157575218101375e-02
9.977036961307294005e-01
1.026654772908109914e-01
2.683473770245220491e-01
9.596045661841676733e-01
2.896439237045073112e-01
6.066665211914814559e-01
7.548875370777007321e-01
1.359795862564381341e-01
8.431461215603284209e-01
6.788526051397176797e-01
6.843293575825268871e-01
6.734187104554233416e-01
8.261774821737599694e-01
4.735465230748492349e-02
2.615516563465372091e-01
7.946994069465884714e-01
7.702149409608739505e-01
6.014788294338618835e-01
5.085331746817374210e-01
5.526938077044213360e-01
4.754910782440350259e-01
9.681749317012944278e-02
7.862375435378478050e-01
2.939021611082148766e-01
7.048372648330474277e-01
7.352045711786284743e-01
2.588327769676881385e-01
1.631550758806932233e-01
8.503460761433915271e-01
4.658403687291217121e-01
2.464716402205368029e-01
1.251985019695478485e-01
3.141825408046409196e-01
7.246202833624326711e-02
3.006211092030197651e-01
3.164026236638095568e-02
4.423144868147125264e-01
6.311738102834247854e-01
9.816874679873270892e-01
2.583473236708663245e-01
3.748095673910472048e-01
9.468800048611553111e-01
8.674120251731572973e-01
3.516412948401332894e-01
9.544684635471493150e-01
1.434708775304434081e-01
6.408035168409083049e-01
9.781699060324354766e-01
4.998072809453353305e-01
3.698900155328854744e-01
8.303767964937310841e-01
1.826913815395170282e-02
8.812678713595116786e-01
4.604747234618710161e-01
4.867883050506032205e-01
4.852064317171935759e-01
9.324895099105834362e-01
2.674259651847576968e-01
4.051991701298134352e-01
8.804514230956789200e-01
8.851125239748853790e-01
5.879302841147705516e-01
9.130452711909622376e-01
9.914601638492874791e-01
2.981788324233309861e-01
4.785275099848701474e-01
1.841915771002400337e-01
6.381403184566978304e-01
5.574524045428862484e-01
1.762093085975171558e-01
5.003955829304691516e-01
7.835349187319328168e-01
9.309317590227730310e-01
9.838111419252935086e-01
1.413960446790747394e-01
7.844787546397290479e-01
5.761969301477273264e-01
9.171355527622740977e-01
1.964113473745285887e-01
4.120719847649594314e-01
8.940947094077859036e-01
1.803914792525851407e-02
4.144429408349893373e-01
8.962511783729336656e-01
4.997032193760907459e-01
8.266435892133514596e-01
3.368713568211381126e-01
9.588788836521477954e-02
7.455437187297675461e-01
2.301536245289449445e-01
7.477969259825237858e-01
4.128403489913918811e-01
4.390901967778289006e-01
2.122297560419118545e-01
2.879732564563728392e-01
2.009446913459714823e-01
8.010203552384247416e-01
9.960076739606307239e-01
8.754981087076959545e-01
9.252881040423988068e-03
1.022245141908498800e-01
6.391380145249073719e-01
6.176054692261471191e-01
2.591337454440942878e-01
4.538256957919750700e-01
9.828667066638901995e-01
9.180398824808267966e-01
7.742119267561742291e-03
3.974730253208980102e-02
1.758309748479499612e-01
8.211728449825809184e-01
2.291970344372618040e-02
8.726892193033946032e-01
3.394040939105865684e-01
4.048175072941599950e-01
1.342015046736491080e-01
8.890241989742397877e-01
3.104866544577744580e-01
2.638396753965208674e-01
5.079625746533400488e-01
7.542707038822015209e-01
9.164032319331070209e-01
8.583963400342886629e-02
3.453795304992353099e-01
9.356826781404435911e-01
1.609331045744649691e-01
5.879447617789079761e-01
7.538134444583703964e-01
4.754019016811419363e-01
8.130581638317058157e-02
7.229587542437994063e-01
3.325708562549343217e-01
3.710258890409087185e-01
9.723321868812722091e-01
9.002833050735637999e-01
8.262679626012628953e-01
6.590941296127109661e-01
8.940420832327160561e-01
8.287120748979618368e-01
8.142457180161366548e-02
6.669538169868705069e-01
1.067629473254994021e-01
5.595246578421421146e-01
8.604840596401449604e-01
3.416834430966595448e-01
5.234664250418193943e-01
8.611821554227598874e-01
9.618426673649456138e-01
5.192850945146809671e-01
9.833256707609122627e-01
6.017324119610645283e-03
3.001824179139565008e-01
5.493143781778102586e-01
9.345008567463208848e-02
4.210632984356315056e-01
1.170831923949896547e-01
1.276329634823857306e-01
9.471609079232117256e-01
8.492435152517103791e-01
8.852339528211229380e-01
4.057211900163906204e-01
6.909276808467795794e-01
7.769896222759025139e-01
5.391513399660244898e-01
5.017224639617241522e-01
2.473058190958411506e-01
5.369138596304878774e-02
5.633943560400236361e-01
2.171747106079495726e-01
5.969038369483093964e-01
8.190862652277859368e-01
7.868984918487197389e-01
5.356106889796691251e-01
5.729048009897389493e-01
8.229223158585747822e-01
5.048372960285227862e-01
5.190581741464161958e-01
9.014165603731729703e-01
4.575962853103288097e-02
1.354223274389581011e-01
5.122055747465958930e-01
1.400128547815323587e-01
7.774390245549720468e-01
5.367175504658288077e-01
5.719293465672330434e-01
7.748539174297792709e-01
5.551839662549140630e-01
1.185022972288103382e-01
2.710244714383071019e-01
8.862314607288026558e-01
2.453783303610653777e-01
7.523647102755944838e-01
5.052050157897314264e-01
1.295121921792254938e-01
9.696047749791738557e-01
4.244144604742551286e-01
6.544534399821106962e-01
4.063736910258946011e-01
9.160484860017183983e-01
2.486129668239616120e-01
6.899970577482453793e-01
1.401633729122263583e-01
8.052312514204724714e-01
2.241481600611583413e-01
9.982086671626588803e-01
