9.643431616231333825e-01
2.056810596616917008e-01
6.531160835630134276e-02
9.077021029037970479e-01
3.006811217452034501e-01
7.169862419014305654e-02
1.409852313369546195e-01
3.426532810867202183e-01
3.653161376769964441e-02
7.997240423212562677e-01
8.602560250860373792e-01
3.302065865527903377e-02
3.032585618802225991e-01
4.104165098647171162e-01
4.825914470542531642e-01
6.914944939009817215e-01
5.520286409937874561e-01
8.642698780851341134e-01
1.064985474502772034e-01
3.189705764972653457e-01
6.603845745552063828e-01
3.546081190487277990e-01
2.939389072254819935e-01
8.074117818757333698e-01
5.106144728363706253e-01
4.397662273479358008e-01
2.329497959091909598e-01
2.515688858831656161e-01
1.486712320661722764e-01
5.877047052530699478e-01
4.872828309769002830e-01
9.214934380275326964e-01
3.623273391814041400e-01
5.982948519357004225e-01
1.365307285343905219e-01
6.192931541356139213e-01
3.854998078445294185e-01
4.157091438174690401e-01
5.585647990673920926e-01
3.031890634317748745e-01
7.956316101237623784e-01
8.480120893644866875e-01
7.333608082859092159e-01
1.500599387651149197e-01
2.173909241039134743e-01
2.963487459685821834e-01
2.511247048918100466e-01
8.996033204258487848e-01
1.178094630257033870e-01
2.365874215589128804e-01
9.636483230186676519e-01
2.840705409389853164e-01
4.854158696492694158e-01
6.154626270077785399e-01
8.432519490798530137e-01
9.519478916424901627e-01
5.525743533332092561e-01
1.875303384385210714e-01
1.635783138596402786e-01
3.965125873440941140e-01
8.764130758422696843e-01
4.197025206315474488e-01
8.124635123099954725e-02
9.022723991144698807e-02
9.858020462166456888e-01
6.030647450556244626e-01
3.386966351323301705e-01
8.473591386962868732e-01
5.087278859731577674e-01
8.314470710453649716e-01
8.250356933840055085e-01
8.687655654421350127e-01
6.143127360543745308e-01
3.661706863594687000e-01
5.221636832257049443e-01
5.320917952562645992e-01
5.039140973251834410e-01
8.059240525444884007e-01
8.580130956298491762e-01
2.889039050459896174e-02
5.675107989291016120e-01
9.105110074579816359e-01
2.733481465321235815e-01
6.660706384157935034e-01
7.752701930460791369e-01
1.114569007479179197e-01
3.714850076410779467e-01
7.750696364365010638e-01
8.761078806368925997e-01
9.982288265826100293e-01
1.454231846023888997e-01
5.520238130420000999e-01
2.377196369494061212e-02
4.561167438582195421e-01
7.682740428196845883e-01
8.044349682101156196e-01
6.658608722604095753e-01
8.269791683139314786e-01
2.645074769859113717e-01
5.922418841106612541e-01
6.692395775097600419e-01
5.030076861235268648e-01
4.641079668189285190e-01
9.372784436032333133e-01
6.511177318630267941e-01
6.313263090783288733e-01
4.652184701413926149e-01
3.297944599559554657e-01
1.735777743898985204e-01
4.185166854499792199e-01
5.137298233502194389e-01
9.455107325299244581e-01
4.582319842874006399e-01
2.236513731746891942e-02
6.212321105950701083e-01
8.591079786209145919e-01
6.011638187401637801e-01
5.848721060754389356e-01
7.837591938286021520e-01
6.183561334550918831e-01
7.782053078731964169e-01
5.518930218271203003e-01
9.221058840763798337e-01
7.641734309241438039e-01
5.722537236111064907e-01
4.589266907489183422e-01
4.717448724732311582e-01
1.675469423192789131e-01
8.511040051960575559e-01
7.249800969025590458e-01
5.330330536878175041e-01
5.257201004553518908e-01
6.642487900185963801e-01
6.317893190583073748e-01
2.473262756651819494e-01
9.916587162348607931e-01
3.061043161724823491e-01
6.935882718539632119e-02
8.283138861492455041e-01
5.729875548138053665e-01
1.966906971054611653e-01
2.087018608615889281e-01
2.271025963167681017e-01
1.055662486793128574e-01
7.435155914404575350e-01
4.112474617491684858e-01
4.847900218629097591e-02
2.277605055228616449e-01
7.128484840825496383e-01
7.654813251993037859e-01
5.716951264528158383e-02
9.939455856550715174e-01
2.575867296878009416e-01
8.878349568612402543e-01
3.818814035784506844e-01
6.777638016663343201e-01
6.611384982613509598e-01
8.395490050073968202e-01
8.992950875269947186e-01
9.607876042800500560e-01
4.225046432227919091e-01
7.355752423973465071e-01
4.331855439179994605e-01
1.365533399950704663e-01
7.662230842023343147e-01
3.949341908245163069e-02
8.861736158401628538e-01
7.087578112518210238e-01
9.932566852416915282e-01
7.530269636999025185e-01
7.300825533627103292e-01
5.538071113286588965e-01
1.022290994091707983e-01
9.939137347108901732e-01
6.765024284012957079e-01
3.819074748466422253e-01
5.053116950842784227e-01
2.465982840885714289e-01
1.092711092576280629e-01
2.031082603772739192e-01
3.257091704530106213e-01
3.907815557457983147e-01
4.271079818223192381e-01
9.402888458124153415e-01
1.638255555151947318e-01
4.088525890105363381e-01
7.938682740214054734e-01
8.409802403265963511e-01
8.295054412704999658e-01
2.233197315570301100e-01
4.071495856396238899e-01
6.351631367548185025e-01
9.116012175872680867e-01
7.527032399284019348e-01
7.349244815825796140e-01
6.372068025401719238e-01
8.211666148754147576e-01
1.346033314616609244e-01
4.002789894303583340e-01
7.881330956437572199e-01
7.276635816845070659e-01
5.681313735058585168e-01
7.954207127301730074e-01
2.678555780669122921e-02
1.510600171453492235e-01
2.138271685430596092e-01
3.961442669308978815e-03
8.889590068489827690e-02
6.825608571108776612e-02
3.746854371219231483e-01
8.008319248210630237e-01
9.239707535005714512e-02
6.315159007501779387e-01
8.532032259143083053e-01
3.652260415254422465e-01
4.416366942059938294e-01
9.251977601904283199e-01
9.458356565604029154e-01
7.501449840519804901e-01
8.191528247620819547e-01
9.928497922339570847e-01
8.606192176842267783e-01
5.067622550965115158e-01
5.834120025211472216e-01
5.736932621177823766e-01
3.142730886661670997e-01
6.196401330014877917e-02
8.130908376528523940e-01
1.287823946908518424e-01
7.637405566443767890e-01
8.312413267190421617e-01
8.603192243366509784e-01
8.489469673702446650e-01
1.742405639269847262e-01
7.647129034028767869e-01
6.957861072083586507e-01
8.655276569496233030e-01
5.318656245168021934e-01
2.263255032902982133e-01
2.565146947810466038e-01
5.473822119363682681e-01
6.096109039496548920e-01
2.538169709502330340e-01
3.014338111967568290e-01
1.715630585988895396e-01
3.417907825078039252e-01
1.018883855567551677e-01
6.070401814155350628e-01
7.590455062969236888e-02
8.109397840216903131e-01
1.472094502589522680e-01
4.233119426851563727e-01
2.818262360195440408e-01
6.985889985427874427e-01
7.474139454903928614e-01
3.203555543069677158e-01
4.900569894284676487e-01
7.298215899548879948e-01
8.429240533703095117e-01
6.326333641545068831e-01
2.673969494429283555e-01
9.163128368344346519e-01
5.291244413802406177e-01
5.449005011010462640e-01
8.738268993701925336e-02
4.235451044034905799e-01
4.626174159509085504e-01
7.068299411933106624e-01
8.168408894192776826e-01
9.052954818652652058e-01
1.457256767921542018e-01
5.517905182334321701e-01
6.586929542408149763e-01
7.922149418031043666e-03
8.545796412266750686e-01
3.635779594240484691e-02
1.231569326936862163e-01
7.178427488835243953e-01
5.558422514914764800e-01
4.177985573977602840e-01
6.937310722371998750e-01
9.509904140466318712e-01
4.075124028085463923e-02
8.461075323900517642e-01
6.011925267999833622e-01
4.425439951235864422e-01
1.105199120466238139e-02
7.948140983430013184e-01
3.716148900708440284e-01
1.251821182694703438e-01
6.695106323327030262e-01
4.906268037700745044e-01
1.925967016211925786e-01
6.380126883163063090e-01
4.981186460650122161e-02
1.435219597317765050e-01
5.569059863143419609e-01
9.024843210531556803e-01
3.069866306874254880e-01
3.330240200429241959e-01
5.047443173778803915e-01
9.922430066678286087e-01
7.975258781640705008e-01
9.808001256961799141e-01
9.015509830417712811e-01
9.363395100582792008e-01
9.829295317837464241e-01
9.325952076775991806e-01
2.498962072378362320e-01
4.545406386516114283e-01
6.498574825185308157e-01
1.186509230056095321e-01
7.566899375962302665e-01
6.609725153433393396e-01
8.669436390338618459e-01
9.371102654861866998e-01
4.684300623847965639e-01
7.451443719442325531e-01
2.876602069601641443e-01
7.197680729970290514e-01
1.015010417502302253e-01
2.461396177492586324e-01
8.077617626239430582e-02
3.406566818044995948e-01
4.276488768855390976e-01
5.736870998563655677e-01
9.089665718376294112e-01
7.298553618054907099e-01
8.925239737310487476e-01
8.351672002049392862e-02
5.814009895592101573e-01
7.319814793321377522e-02
6.308615553595695591e-01
8.993794868975559798e-01
3.086515200625531419e-01
2.225653659371275017e-01
3.421860546164782191e-01
8.525439682571945843e-01
7.316857019102496196e-02
4.740019322120663237e-01
4.615553786704713612e-01
1.949210713308409115e-01
6.776400738004912938e-01
7.373683770797034853e-02
2.102917319188416512e-01
5.873734387815841007e-01
6.424582498896022065e-01
2.287717568201149687e-01
9.469858411215947847e-03
9.112430381364071685e-01
5.664722367812187187e-01
6.642568698919559811e-01
4.157056938669007051e-01
2.099866340382829932e-01
2.997728289636580890e-01
1.872964281419557953e-01
2.386849951648151169e-01
3.443092929443158923e-01
2.566774614218191308e-01
6.196866040977063728e-01
8.503220327207937634e-01
6.250133486232554159e-01
7.405496564174667284e-01
9.252768996202357377e-01
1.525449401495669877e-01
9.711111939164126516e-01
9.578708216685909438e-01
8.069406124650937429e-01
8.342555560623406974e-01
7.424251691444316847e-02
3.727691649886238912e-01
5.799659236390545258e-01
1.616557715594599820e-01
1.179515629502601026e-01
8.115581801644317084e-01
2.381093873801065630e-01
7.828520012820742169e-01
6.023107117853845338e-01
7.599940099077779898e-01
2.953413110392035801e-01
6.761379181518748505e-01
5.147409875523312195e-03
4.832017901440499585e-03
8.886797337839160704e-01
6.523350517958254047e-01
8.745835800798597015e-01
2.720666721773675745e-01
4.832835432903904715e-01
6.178299898655164046e-01
5.469848051083351370e-01
7.209685333669326734e-01
8.559869204085408523e-01
7.842763053300553233e-01
4.124888833634718921e-01
5.390145154840159103e-01
9.554636918602000817e-01
7.225550833045367716e-01
9.170299955924610114e-01
6.372971140917416122e-01
6.148564820041959589e-01
6.177362318268544428e-01
8.847015222112960542e-01
5.212881312351362872e-01
4.710742204809095224e-01
8.901930046546973063e-01
6.993855606275740655e-01
2.245583978848028073e-01
8.986428079614167119e-01
5.086318197326650248e-01
7.604755683892950868e-01
9.526476753151008614e-01
3.935911624200815195e-01
2.591906141984309242e-01
3.064411578719833384e-01
7.066786929349915258e-01
3.790757020332434779e-01
7.614312121034516601e-01
3.315318135701086355e-01
7.343049573962462384e-01
9.886455622101109064e-02
3.341844249187708726e-03
9.133473652682303490e-01
6.185476441514707879e-01
2.385371200784734969e-01
9.169854752062400749e-01
9.804097426501345858e-02
5.274252946203327186e-01
6.176802569080673821e-01
7.454983369474963428e-01
9.904246718773779268e-02
2.767672702579804245e-02
3.674916117432224238e-01
4.214805352550649031e-01
4.676871225394335641e-01
9.911742559778033979e-01
8.291131244468561423e-01
8.896264106687236106e-01
7.131262507225629710e-01
4.228617849309683763e-01
6.964255215510410935e-01
3.220074903124848786e-01
5.667840225459026549e-01
4.270512620793703862e-01
3.163238708262982035e-01
9.504656784524889712e-01
3.972161733102247405e-01
1.672562579804441896e-01
2.546279534276573164e-01
7.451802804688334447e-02
7.620799460384158897e-01
5.678594551524833722e-01
7.088812744815515821e-01
4.069952441824562506e-01
1.037352099767021585e-01
9.104246124902775072e-01
1.516689037925744721e-02
5.750325942245807509e-01
3.067150667848808077e-01
1.243287356845924618e-01
6.906437816678622221e-01
7.310810660673909833e-01
1.702700196589198578e-01
6.055209913527380694e-01
3.635837091393114839e-01
2.676304507380228292e-01
5.519260913510999345e-01
6.854353672344447590e-01
5.505117063357500840e-02
6.307821182827504369e-01
2.398588340095796356e-01
3.862496262454926388e-01
5.739029065824752252e-01
9.864945497267608721e-01
9.394082774424596938e-01
9.693291141932496302e-01
9.145775121515430373e-01
6.722971873686786060e-01
6.024928798092279436e-01
3.488220292947192824e-01
3.110018715259530442e-01
