5.323460764168123083e-01
2.585748760573968186e-01
5.096800619781657327e-01
8.716144347413126159e-01
1.213033321879397608e-01
2.983321595756180944e-01
2.895672040161367811e-01
7.439729250491683432e-01
9.895635473359468692e-01
8.065768460803225404e-01
4.781667520551166062e-01
8.966819337231440867e-01
4.287593680932316742e-01
4.691537358805092373e-01
1.497337568678449582e-01
3.786061259229127618e-01
1.938227115704238557e-04
5.411654977787094811e-01
4.334671434244981025e-01
6.046681026657353408e-01
8.820723996288349911e-01
6.011050791573147034e-02
2.275560859270501224e-01
4.272722986683046287e-01
2.303508643635144848e-01
5.396208690865268442e-01
9.350104609667612143e-01
3.756807595939030131e-01
9.728503599290903026e-01
9.297827129125652013e-01
4.647542961516820670e-01
8.688753726750320094e-02
5.016871989611355609e-01
3.362804432469422844e-01
8.780319053876363133e-01
5.732361284556762859e-01
8.393011080568253401e-01
2.902885775757866327e-01
1.351027431304975268e-01
8.486125079434680973e-01
2.704678227250645328e-02
9.488934943965308122e-01
8.868556030379514121e-01
7.783719063118951231e-01
6.613276432737882349e-01
6.239051432827890098e-01
7.609716570177161854e-01
7.172707880612131381e-01
7.594381876937946751e-01
1.992013040056903606e-01
5.959137154419371640e-01
2.410978166399573297e-01
4.232952251694211965e-01
1.946081823419805179e-01
6.934320609514563749e-01
4.310086390438403470e-01
1.202989231701546702e-01
4.135579579833997821e-01
4.014758544430852005e-01
6.005335278277101896e-01
6.876529764639328635e-01
2.775977052240174991e-01
5.036194396733130185e-01
4.052757585196180568e-01
1.342271501841330039e-02
7.189298923469703562e-01
8.781488149637062257e-01
2.613286512696634256e-01
8.642977928602598725e-01
7.405033722766034554e-01
6.090731473476931335e-01
4.004513309175219415e-01
5.158835955825337161e-01
3.983946348509906921e-01
7.489300473458748719e-02
7.876526698913177693e-02
2.411861157531537403e-01
6.489210013618619266e-01
6.434592300830959122e-01
4.036691998224888334e-01
3.337955546365116710e-01
8.137286024732330869e-01
2.141312874805328947e-01
6.285751894580879906e-01
6.753845767809473211e-01
2.362692407856011867e-01
3.817045405477725861e-02
1.082602426865489909e-01
1.144672055143818312e-01
5.053467917452522107e-01
8.539688493857821028e-01
1.542580588436560651e-01
5.800251679224482926e-01
5.083314913977132754e-01
1.984024300208495628e-01
5.750057927682464820e-01
5.787501194424110595e-01
1.617932994759707643e-01
2.012283501040942335e-01
2.361563090332519099e-01
3.468756839902672473e-01
4.693861326097370501e-01
1.774021914582586401e-01
7.557008495685846317e-01
3.719604556586160182e-01
1.889659853709331205e-01
3.634414615586953889e-01
2.429463976096680744e-01
6.554019519789209269e-01
4.945300960248495414e-01
5.654853092750786736e-01
6.657456756648372220e-01
9.482000641794711138e-01
6.650821158433615210e-01
1.391219946033938060e-01
6.054015774128940208e-02
7.820612760345786452e-01
2.730888418997048372e-01
5.524576782177598178e-01
8.181128079864425917e-01
8.636529412266895633e-01
5.301683169586733912e-01
7.051395126608128727e-02
2.851056559417507463e-01
1.568971996686432391e-01
8.738124259154889106e-02
8.820595310050283189e-01
6.586451941999690307e-01
6.025420158900314238e-01
3.844915073759453961e-01
3.241439687548097748e-01
8.877120951827189854e-01
6.644499295217864976e-02
7.741298756494928712e-01
2.546843790056304568e-01
1.208900879477392554e-02
4.506280131182691662e-01
3.326408146145803935e-01
2.535058514572159361e-01
5.281318909307120002e-02
6.899625853742848980e-01
4.148978239987969330e-01
9.412617473651311295e-01
5.916687918247464095e-01
3.224977137712773390e-01
9.610261847597012519e-01
5.373210891475938000e-01
6.737528269780058698e-01
2.415521454990270378e-01
7.433072653586447753e-01
9.505303482670071080e-01
2.496907630221947283e-01
7.296703034009381916e-01
7.042137823960534782e-01
5.192184642757616819e-01
1.357463518514925305e-01
2.212931112961701308e-01
3.790575406554586024e-02
7.640879738209150895e-01
6.058840674285186356e-01
8.814635644726287467e-01
7.861052199780671490e-01
8.459373952025364130e-01
1.447622037937019712e-01
3.617657104585222383e-01
1.095388246342154925e-01
1.470352809115148540e-01
6.152733782467652013e-01
8.653431534383398960e-01
9.619386898263879715e-01
8.833375347186444015e-01
8.317242616259590271e-01
6.934163534499483417e-01
6.470633054403773787e-02
3.239890699662854034e-01
5.063359610884498041e-01
5.110656686746127830e-01
5.422196196668382928e-02
9.213756806850575964e-01
7.959850608040339726e-01
8.044105249319981610e-01
8.513384970397075424e-01
2.844327083244571064e-01
9.537269778074802806e-01
9.886095471421976200e-01
6.656472796882939580e-01
6.452456978110051589e-01
9.117681298883484331e-02
9.499287138192671343e-01
2.628527768624911998e-01
2.434232111285451472e-01
9.271980169344525846e-01
2.599601391789592153e-01
6.715270754875892756e-01
5.981429497454936461e-01
4.106625347489428757e-01
1.764791350267315151e-01
6.382443550085861173e-01
9.602633379915540557e-01
8.576172457148345529e-01
6.942559833694389448e-01
6.711576560064431707e-01
9.465002999815452789e-02
8.663445439790825597e-01
1.600279252874284852e-01
7.364750785441405156e-01
9.600662373672451677e-01
7.957196786197608951e-01
1.411439668518811308e-01
2.266852842131347190e-01
5.973872105426268897e-01
3.314587918416063150e-01
2.892893124357809320e-01
8.914581121507814121e-02
9.084935640324395267e-01
6.183210761456880977e-02
2.685631022637341436e-01
2.329174222289438489e-01
4.100930376937864663e-01
5.539328503274154603e-01
9.701405125208435454e-01
3.890911266539156532e-01
7.388719357954787181e-02
8.034034813594715940e-01
8.881612480812069998e-01
4.837306456768523111e-01
1.867646629278686410e-01
4.572064750127531330e-01
5.302565468794012693e-01
4.515948539794356620e-01
5.686224079596384762e-01
9.555804664561032835e-01
2.224919567220755567e-01
9.327764075191697923e-01
9.285015900691360180e-01
3.834549723814950628e-01
2.300815329455083713e-01
4.469624355403809535e-01
6.946654018216218418e-01
9.384372032521115514e-01
7.054342943444386060e-01
4.506984170484163998e-01
1.444175910310305788e-01
1.081656431891625525e-01
9.460106292059640154e-01
4.950173093249863321e-01
5.628069998715324873e-01
9.307479390074432368e-01
1.382952839599342898e-01
3.798747375615645350e-01
5.333197587064966161e-01
8.327487629270430292e-01
8.883769650604768087e-01
9.342538594813224462e-01
9.092695525457592520e-01
9.908262059561112611e-01
2.677336561271224102e-01
4.968414511397859501e-01
1.540091934452684219e-01
4.820471428322972152e-01
6.361706200753169949e-01
2.255653796060707039e-01
1.338111762919813597e-01
7.390604211984588279e-01
2.470877431519601375e-01
6.924014613283977493e-01
4.032649603616882406e-01
1.909679907140295896e-01
7.893190304314782191e-01
4.138258825969880483e-01
9.298295790978685638e-01
9.973154052441705053e-01
9.947344848201755685e-01
3.891835882802709978e-01
6.949480797917781949e-01
9.918438321832160343e-01
7.084736667890808581e-01
8.377042236175089585e-01
6.557803269805990709e-01
9.931287903020303842e-01
2.097768429709209181e-01
3.025549943152223697e-01
4.972903197664391151e-02
7.608858274031005120e-01
5.748136755259046771e-01
4.586105886507609863e-01
4.450169564922725751e-01
1.526684363744237327e-01
3.445491590799040216e-01
4.859673413571846678e-01
8.433185356804573374e-01
1.314123739677188762e-01
8.400970445594390101e-01
1.541636327605575563e-01
1.684811084772898093e-01
2.743804483301963693e-01
8.698158868352305895e-01
2.064233021075621011e-01
5.724385384495707108e-01
1.710839032464080978e-01
4.064054019245592064e-01
2.746460355741956461e-01
4.161247883211038889e-02
9.727082991759640196e-01
3.980237999386876391e-01
3.500239845800391381e-01
8.148337695881813225e-02
9.854075039971290639e-01
2.855715383882700964e-01
2.149944716994230953e-01
7.021426827319702246e-01
7.451367106724975375e-01
3.214663800214342393e-01
2.566675718309264775e-01
8.397439866199866154e-01
1.321646340559706756e-01
3.047944373945765673e-02
7.792409000588035317e-01
6.658792795160765055e-01
3.924360138760301098e-01
2.230060393682775643e-01
2.715440154749724222e-01
2.792298253722025336e-02
2.761995043967226948e-01
7.477864662202028390e-01
3.171117858902746667e-01
2.981489395818104349e-03
6.340558761756663886e-01
2.742059752265280093e-02
1.696478378393910802e-01
7.516182674402360764e-01
7.575129720597575389e-01
2.219390618190978381e-01
9.812664283202618964e-01
4.719616123589667200e-01
7.248642858888820761e-03
3.130295300895835631e-01
8.509827456352382358e-01
5.219881210923507098e-01
8.435344395274307905e-01
7.459855537862842834e-01
3.881094135036790016e-01
2.068519051424574373e-01
4.466626114355758403e-01
5.076631552730359598e-02
1.320467462170924478e-01
2.181174348370849003e-01
8.527292269951290971e-01
2.746853674092215591e-01
4.930531122804258093e-01
6.260020286072065510e-01
3.619443892978502220e-01
8.476265048916897804e-01
8.555281903391889209e-01
9.905522998455489336e-01
6.740418829075577323e-01
2.189989277138393309e-01
8.953349803058449075e-01
9.211329627501455564e-01
5.154246625254952363e-01
8.044229005452407932e-01
2.484999211532048502e-01
9.980178183347294674e-01
7.324813317648105615e-01
8.903733755395638605e-01
1.520390492739460697e-01
8.375367790803367463e-01
7.985735088865135722e-01
1.271736124010771629e-01
7.869194004118116315e-01
1.898139989187908050e-02
1.937840460044528701e-01
1.414789592835690168e-01
3.096153249205713109e-01
3.242760930476059622e-01
8.076413189794336978e-01
1.628967056402514935e-01
3.937080477566357040e-02
7.108029400202753312e-02
3.577502433215135058e-01
5.384933550182720019e-01
4.319274392457024270e-01
1.326109617694988252e-01
7.138439755100871587e-01
2.986120182177672833e-01
9.624770591424094413e-01
7.015283790498751948e-01
7.584626372409974948e-04
2.998400993605704334e-01
4.047473708759626865e-01
2.305664797193323068e-01
7.698258606520202996e-01
9.839637854848848342e-02
7.693298661636044367e-01
6.500571917403720201e-01
5.589652566091599661e-01
4.403437889037838948e-01
3.223554644644333056e-02
9.346089461511952745e-01
5.948145954660772894e-01
3.551339463335634328e-02
8.125733371957928330e-01
2.776766849139624682e-01
4.751794698756590662e-01
7.794640613171262000e-01
4.961024073768622866e-01
4.861546292355990451e-01
1.639450272967999389e-01
2.804411687410279796e-01
5.353019815647769297e-01
9.766624103539734980e-01
5.889800167890546501e-01
8.088012277513773052e-01
3.096747403040186475e-01
8.814740907059607222e-01
7.805149343574721010e-01
8.127247399007825335e-01
6.043652947124928954e-01
5.499531030732611736e-01
4.470165538105317360e-01
8.589324594160177018e-01
2.678440191233059098e-01
6.453939944861548650e-01
4.767186712279380956e-01
9.439580793112080093e-01
8.060364982990678717e-01
2.522924114237172777e-01
6.251494505806706181e-01
1.646997315023924768e-01
6.463599828835437933e-01
6.870815157576820598e-01
9.261243494858207859e-01
4.895205528960056007e-02
6.513778814433227593e-01
7.706282075760222394e-01
1.752496581009402865e-01
1.929227507802533381e-02
8.473932534751760226e-02
3.922402187817561892e-01
9.116587565351883526e-01
1.735796317608425676e-01
2.072398530759921309e-01
2.834423719505042571e-01
2.241660304432069317e-02
9.342559780713294293e-01
9.058980710138408998e-02
5.425239246880209087e-01
4.341408605165559820e-01
1.325657831437492273e-01
6.263388489022205796e-01
6.931659985284364112e-01
1.911739657897038036e-03
2.793300268219197635e-01
5.081216779660541194e-01
7.739059584100591582e-01
1.545094137613765017e-01
6.508419183769353911e-02
7.452925808756443171e-01
6.205613212175855598e-01
8.176648343161074806e-01
3.899632013183941259e-01
7.980921134853702359e-02
5.282093436315619117e-01
3.887939300530275366e-01
4.505304080162242375e-02
8.393792031475050264e-01
2.206226894435070474e-02
3.531260797431441389e-01
7.774149305658628606e-01
1.665770375782096302e-01
4.597336496794431904e-01
9.343134318060800636e-01
3.144439120991678882e-01
9.265938143628104084e-01
3.267774102765106381e-01
7.220941973590031537e-01
4.638702585832609193e-01
5.207020320184764239e-01
1.202476154828592270e-01
5.831304672688981672e-01
