5.273945521250240631e-01
5.341823164019862125e-01
7.387142178846716201e-01
3.695857642547262234e-02
5.819660952388908681e-01
4.840101047578191373e-01
1.172340699836456057e-01
7.829435745132211633e-01
1.163494295411603430e-01
2.393893409505090109e-01
2.939758536223562313e-01
5.154392490561816587e-01
2.349158012596490597e-01
9.548740388658450984e-01
7.526149215631510181e-01
2.006202673501453759e-01
5.210957578556059122e-01
2.525960845288581780e-01
1.411019480336149767e-01
1.728661301832550290e-01
6.665044314357218003e-01
5.453959464002827717e-01
8.818754961848641605e-01
1.353887241179726475e-01
9.938083379887705515e-01
8.139750546852951851e-01
7.300959849727997053e-01
9.888250657804764643e-02
8.951132980833114150e-01
1.145631087256737679e-03
1.503163587446026961e-01
5.057301406212787453e-01
9.155458021131889224e-01
6.884777038272985594e-01
2.429460354570502911e-01
7.482243575626137400e-01
8.221985237417719361e-01
2.319751968925309882e-03
5.310634267382985385e-01
5.521363267878517389e-01
5.286114514799684638e-01
2.450344611341975787e-01
6.346560545255013341e-01
4.316796762008844324e-01
2.652523039846523822e-01
5.577967559478900217e-01
6.754724466870303257e-01
7.989864129457383557e-01
9.327870986460150560e-01
7.339460419831893567e-01
7.381937120159498544e-01
9.871863135304984604e-01
1.255903999708992691e-01
7.182754528540408190e-01
5.658330949307017743e-01
4.497172860814284689e-01
5.256313405686274809e-01
9.478779017658059969e-01
3.083622932609065836e-01
1.692654249077975015e-01
6.853604304256001312e-01
9.910573650965975867e-01
3.774275248055014575e-01
9.309148836932785720e-01
7.411998789312342906e-01
4.267860319767668997e-04
6.291141838627762883e-01
5.299405645203804083e-01
2.899886383712247939e-01
1.354053089349015471e-01
1.529178363107113192e-01
1.464681350380857561e-01
5.456761944791098662e-01
6.387882010095657925e-01
5.029060024781681904e-01
8.812104263605321508e-01
7.990493629323345282e-01
9.777643522452756919e-01
7.474706626518679009e-01
3.874059500711660720e-01
2.140267786787257709e-01
7.267557373431834389e-01
8.431151157255549755e-01
2.986678040040489091e-01
3.512985095921419276e-01
2.313658443187778246e-01
2.001580004745985297e-01
1.031890789895271165e-01
8.077544312450359865e-01
9.851157240353899391e-01
6.408144804707780473e-01
4.529240953762034838e-01
9.673058971897560143e-01
7.281112906117848116e-01
5.732579276468527940e-01
6.877080324771198683e-01
1.155996018390097468e-01
6.885315017936566306e-02
5.477990583552627690e-02
7.868823463420666631e-01
9.956666884485567692e-01
2.152034867540308927e-01
6.512459762395735874e-01
9.158904967145604648e-01
6.732052563492799679e-01
9.938353828228096987e-02
2.813114226741503243e-01
4.797269524064108337e-01
2.762444253038560671e-01
6.883672604828874331e-01
4.350763902554907192e-01
3.461708627326037790e-01
1.517922582241026941e-01
9.217240770338167577e-01
3.374890309733798999e-01
2.895952225311478889e-01
2.991368441393996713e-01
3.846536017004458241e-01
8.597485557304247461e-01
2.540798403736620470e-01
8.871072726469683145e-01
2.268712690396621490e-01
7.908688730378722331e-01
5.942547967089373273e-01
1.370959838807750408e-01
4.365169435674354226e-02
7.701853167869990857e-01
9.494301519296476366e-01
2.092921214188978585e-01
4.835336885809572438e-01
1.244869882380459369e-01
4.568730930820057434e-01
9.376289204767892516e-01
2.698044065176182782e-01
4.941263957489835379e-01
9.845459250699185594e-01
8.602216679351381012e-01
9.231259451427374918e-01
4.795078182557185320e-01
4.866261072383177844e-01
7.719723096216588587e-01
7.097720531939069044e-01
3.150306267918974168e-01
2.235371594865231959e-02
3.980658486313032318e-01
3.069278817613223520e-01
1.098784823049534509e-01
5.709623965649605060e-01
5.604397072507855126e-01
3.094266580167777114e-01
3.754050034475376885e-01
6.932052897456852936e-02
3.941852272590604667e-01
7.493647664053170177e-01
5.067464683516743618e-01
7.807717914793694813e-01
6.982278242788377831e-01
6.298716119208203068e-02
1.363190279714787678e-02
8.573910373862708711e-01
2.803194285239465344e-01
9.994884644655540606e-01
7.505250944530186263e-01
2.210163833566847202e-02
3.581191378370134348e-01
7.108615149869468297e-02
9.058799020754946252e-01
2.680443197614360562e-01
3.986176292650345232e-02
7.651510959122874711e-01
8.637563314593944552e-01
8.543607796939581833e-01
3.568088221438578955e-01
2.309100498812932667e-01
4.537521422379584557e-01
9.375134367937261182e-01
1.896824904810643364e-01
1.946032093700812426e-01
1.076222974211107353e-01
4.874376721720250494e-01
4.582707245096342419e-01
4.703998633259155460e-01
4.687053498778944727e-01
5.394850502979353646e-01
1.922534300414286967e-01
9.977733408855939956e-01
6.095812317842738137e-01
4.966946393578260954e-01
5.286949126906675955e-01
1.500173115048316630e-01
3.794436189750086674e-01
5.548956729977604363e-01
3.089213333173657094e-02
3.394027392806844290e-01
5.900409728045015179e-01
8.675867059952024896e-02
4.176694925505480827e-01
7.224238564728852063e-01
9.978243994932861627e-01
5.759949204503143072e-01
3.065846215478560399e-01
9.500196532007647576e-01
4.073123742348596643e-01
5.645894010297332066e-01
2.572089183109067534e-01
1.538323323512900132e-01
1.498221266499958348e-01
1.846461218138771843e-01
8.728494575833851687e-01
5.195840580385099328e-01
9.416712648003161545e-01
1.370474073742913301e-01
1.137334967521503870e-01
6.565332900993079424e-01
5.271471195808232757e-01
1.534124938913276059e-01
3.555142054408334529e-01
7.053281813887051221e-01
3.807632609719379113e-01
1.201828946920042718e-01
1.737716950058396659e-01
6.646066736833636801e-01
5.927465986086415395e-01
4.178435081106995908e-01
4.802598980830671271e-01
2.924862663367806537e-01
4.806252608581668140e-01
8.025691973110679056e-01
4.884644347589156554e-01
7.478313058872920749e-04
4.276271618264134711e-01
1.134050046561885239e-02
6.725342994803453767e-01
4.433221126046671401e-02
5.710858366533126951e-01
4.841736416497541828e-01
7.097081405638266949e-01
9.503257172497446836e-01
9.696259381190055482e-01
3.019767726484837711e-01
9.856768476732794548e-01
8.204986628381861768e-01
5.062738497431517048e-01
7.126498516111539061e-01
1.988097125311809599e-01
3.658781627016042259e-01
7.657282495470595363e-01
2.990368431141011696e-01
9.581500868379082547e-01
1.499475228203818178e-01
6.302200551500508618e-01
1.092763576328845687e-01
4.303605781365744676e-01
6.673965248287512253e-01
2.486445756891226821e-01
2.779350926064461103e-01
4.821857010365365737e-01
2.613329077750340401e-01
1.757506054944889540e-01
7.424958843106991280e-01
9.458485005417680558e-01
7.056969968139839011e-01
6.010875378029383320e-01
8.311951558300695320e-01
3.007091566021802276e-02
2.559556802496150141e-01
5.460997501946068811e-01
9.479264477887161533e-02
3.028243795464620192e-01
7.426251091973129492e-01
2.120502635518465295e-01
5.552886036782921364e-01
1.373323302757746278e-01
5.662746499593200866e-01
6.819477788692196452e-02
6.802843332835293300e-01
8.898953329912352439e-01
8.291842621843237282e-01
1.671809568703220839e-01
3.708570537451034710e-01
9.430559472410269262e-01
8.156343684642133329e-01
2.972187501966888634e-01
8.445639655107537447e-01
8.071724115353361428e-01
4.213857605127211414e-01
1.602137118983315567e-01
7.611977687649287283e-01
5.784840843903966690e-01
2.140173158673608356e-01
4.018073390428286151e-01
3.571944311193665511e-01
6.032836018046074944e-01
1.660155272791208336e-02
9.192913403543169215e-01
7.480104341608558860e-01
1.166283868939028689e-01
9.299435096876798035e-01
3.338637548931668864e-01
3.849034697357908152e-01
7.006217350851330350e-01
7.937204237857208300e-01
2.107294832037787113e-01
1.789489697015265168e-01
8.937358297666107010e-01
1.441144007705887908e-01
3.189667438830657842e-01
6.022065390154239806e-01
3.806048546957142564e-01
3.746249438841346979e-01
9.404156095313582764e-01
9.894808816113274119e-01
6.354463810015894554e-01
1.056932548854694343e-02
5.445865809092036436e-01
4.077828231309138518e-01
6.591137228859687003e-01
7.503709202323778360e-01
2.629910272636052371e-01
8.674372107781025409e-01
7.614746012108088991e-01
2.960542570042656862e-01
1.659353084643423459e-01
2.793087955086323015e-01
6.756200144014222753e-01
5.444230492286856737e-01
9.128631679875279792e-01
3.381683345121397899e-01
6.679104243702892463e-01
2.339265514358914722e-01
2.468214875128148522e-01
9.106222946844274579e-01
5.823399442237507939e-01
9.297105875448796741e-02
8.048107251848453103e-01
6.140161013738378859e-01
6.771070473599941630e-01
8.644990113692272438e-01
2.721638424807039103e-01
9.426748343692337162e-01
3.732711589355075521e-02
9.998268002708452507e-01
4.897481160399668187e-01
6.157412522956163814e-01
6.424044362144456510e-01
3.129433302720564525e-01
6.177952614793565944e-01
6.827103405970066374e-01
6.658562932370850618e-01
4.946080415372333672e-02
8.981981937785972203e-01
5.816272678347444991e-02
7.960527192412356623e-01
6.466107443001610777e-01
9.962140428980698070e-01
3.759473976375173887e-01
1.688796374827516988e-02
3.216914447807575073e-01
7.853631418769172479e-01
7.630492692601565929e-01
7.715799242117836743e-01
9.077360178032993776e-01
6.018043590290124145e-01
1.076644522606673426e-01
7.170613219012348383e-01
7.800015570853524594e-03
9.205121474240165469e-01
6.197588091110401987e-01
2.660488998883322465e-01
7.868631758435250534e-01
9.552890776363702763e-01
2.330294516342376054e-01
2.126736319644750850e-02
8.703804416859307613e-01
2.742218371699869373e-01
6.265019215049045798e-01
2.871916668421800045e-01
8.271312307164645494e-01
4.460667124489723356e-01
2.532320670018668451e-01
9.397128017601902306e-01
3.973607333384874263e-01
6.026179844743562164e-01
5.625802582617145386e-02
4.816664030593276191e-01
8.176738515628309001e-01
1.063192380469847320e-01
8.523740450845274097e-02
1.582087726052299193e-01
3.531011749913193221e-01
1.218902585381672621e-01
3.976565124778875804e-01
4.369436302241141989e-01
6.127973471924722526e-01
7.157056616820860473e-01
7.687689209834459581e-01
3.287644654366431718e-01
7.023341924559267646e-02
2.163567193535932409e-01
5.318294926071210904e-01
4.982364362187732265e-01
2.288191288211016694e-01
6.232748591989057951e-01
8.901302738185837837e-01
3.779187463234024991e-01
7.831110462709175435e-01
1.210293908446997690e-01
9.095448178775867865e-01
9.177016676746255763e-01
5.148309535336547116e-01
7.827286496734605636e-01
1.190869424508315122e-01
8.343334668337628601e-01
3.742227249860350380e-01
6.435024474825178364e-01
7.975853798832559516e-01
8.640921016601208482e-01
3.223059463744956110e-01
2.740823323510809262e-01
9.612619387889446143e-01
6.567850159952535183e-01
6.095220903387892353e-01
1.895046537480870041e-01
5.734051979801327859e-01
3.536020961585005784e-01
6.355849032062328430e-01
4.025748550636051304e-01
2.146210172715991016e-01
3.164431303638213233e-01
5.000891542578680404e-01
7.393157705827451132e-01
6.299887935299633979e-01
7.706940055932745004e-01
5.268048509860121520e-01
8.283827206346179306e-01
1.081748471151415814e-01
5.112350642416733093e-01
8.759340538388445951e-01
3.903478410918971298e-01
2.588350359423272629e-01
9.562003810930181924e-01
7.407867756835690987e-01
5.527344482057708897e-01
4.885514531925578829e-01
1.911530318192414812e-01
4.636792569801359010e-01
2.994988244823404422e-01
7.433708028755848796e-01
8.138402057142222201e-01
6.895696507514733620e-01
3.398704926215626587e-01
9.082793825509750674e-01
6.495598635206289995e-01
1.982005121716965412e-01
3.099822165613773661e-01
5.748536182398289451e-01
9.862423655493727237e-01
6.323801468984391327e-01
2.128013210026286073e-01
6.188410602899452329e-02
8.698471633022917260e-01
2.897584644062167758e-02
3.107210697875888439e-01
8.433299370878425405e-01
3.508441313688943630e-01
6.854902300201193288e-02
6.528020999489004828e-01
6.639187996256871171e-01
2.233666733691817008e-01
7.257223669748769090e-01
7.977636379254741117e-01
9.982352849097183567e-01
3.260629979878049145e-02
5.779806935806964807e-01
6.606347609346456817e-01
8.357283426912708313e-01
2.511272226325975687e-01
8.223602031084887853e-01
2.064842893171721094e-01
7.447579735263820666e-02
