8.946310727660264916e-01
8.212072496661185772e-01
9.822074528733227838e-01
8.756256903403163427e-01
4.548768009419338343e-01
9.670906137215161680e-01
4.524830719043538840e-01
9.192705718078421073e-01
8.584338657329577682e-01
5.921176147369510145e-01
1.550784413116966798e-01
3.315163909041677348e-01
9.684576971098893816e-01
2.694257443113340367e-01
6.500056356244665601e-01
6.511853260478868144e-01
1.716491270780851064e-02
4.527941054968330770e-01
4.193986737518560215e-01
3.839314563199546226e-01
7.874584618638342803e-01
1.193281443759933724e-01
4.281304759489513723e-01
8.250782548589462584e-01
1.667971574432001169e-01
1.609799416651656045e-01
9.717748335332010434e-01
2.936976236158463927e-01
5.309250191971741639e-01
4.504887390328583541e-01
8.019590491017577483e-01
5.743370867776574906e-01
5.222787649308753277e-01
8.009482551075586265e-03
9.409271845146438551e-01
3.216011372079421449e-01
8.198073215327614793e-01
6.091521233850669681e-01
4.568352357091864935e-02
7.868296256993714266e-01
9.280288594976111582e-01
9.188807734563531060e-01
7.456741641311742663e-01
7.833190378528992470e-01
6.267353932358180613e-01
3.639995276762215681e-01
2.380582526514609665e-01
7.223734305061213501e-02
7.768334462299461007e-01
2.863004365871677503e-01
7.468638751903113882e-01
9.131348750156944583e-01
3.073999954974298010e-01
3.101806047392435817e-01
1.335316011578517870e-01
7.836439616644120809e-01
5.129084137821059430e-01
1.182012566948399401e-01
6.975533858629794359e-01
2.666328124874861594e-01
7.738594316745666113e-01
7.962331693107967956e-01
7.373640936236325327e-01
7.934296986927774631e-01
3.383245306369667693e-01
5.441028386663697702e-01
8.268909747331727456e-01
6.444802829564469926e-01
9.664500553999471055e-01
9.886233497888585742e-01
4.685020516443293426e-01
8.989263765005182094e-01
3.207596806815504742e-02
7.932658355515058712e-01
1.064899965431095330e-01
9.261717290808300085e-01
1.191273188621030377e-01
1.624548796531801731e-01
3.152829369872819365e-01
7.928476675938720408e-01
5.670571764624099398e-01
5.085333757545907885e-01
7.779642988057037245e-01
1.729823920724665731e-01
5.864687222267174205e-01
2.053276478153978069e-01
4.140541785106617301e-01
9.308479371733837660e-01
6.639569257805834068e-01
5.383672125272327413e-01
7.394926820554093005e-02
1.949063052454423906e-01
4.802806387715488068e-01
3.028927201539716174e-01
6.635010818488077389e-01
1.146099715458959167e-01
3.850699184779042827e-01
7.465626176584656548e-01
5.951063075474719577e-01
9.118251712354764615e-01
5.949684146882759928e-01
6.952563164299939702e-01
6.856480212788964579e-01
2.475463540750028058e-01
1.912017482595903539e-01
9.815752343433626903e-01
9.039783238663722242e-01
1.746703894067829221e-01
2.271040811532015757e-01
9.141845496919894787e-01
7.708548728227082592e-01
3.901861629865277514e-03
6.754746380033400666e-01
3.076027877903342311e-02
3.120115106193135368e-01
9.114300862936297598e-01
3.995064199009762396e-01
1.802092780993977961e-01
5.067232105985428614e-01
2.568403568445845053e-01
3.237280042336920793e-01
7.796990998636597059e-01
2.157030704362062901e-01
9.469966435697239060e-01
5.169112741279269230e-02
6.273399707292769412e-01
8.352974424763370820e-02
2.058451137963435151e-03
9.442173152820642068e-01
9.284100952142155805e-01
8.176844594826400137e-01
4.176742569239404457e-01
6.526895594730067751e-01
7.283048065364902124e-01
8.112191605435747910e-03
2.543102096072936691e-01
2.318867839672843489e-01
3.111311828194744944e-01
6.922302105162839725e-01
1.736961496009417072e-01
8.030681017883304351e-01
8.220298648413236764e-01
6.736667530834322681e-01
9.290393130075399464e-01
6.481873507374568133e-01
2.490612994200624986e-01
8.273158245571972103e-01
7.296069217252697525e-01
1.483596760275680548e-01
3.243883202996877824e-02
1.173035861829234694e-01
2.512797382292875081e-01
7.586342253693058035e-01
7.612952181525807216e-01
7.077333921697807062e-01
5.357663401762150501e-01
1.911227558250462311e-01
4.442182336730899905e-01
9.448221962334292234e-01
6.093655788838346909e-01
7.992719927926394963e-01
4.550643376054486211e-03
9.141282505571132200e-01
2.134593306347457586e-01
4.510489038305938170e-01
4.465294658428272667e-01
8.812694679922383756e-02
3.963889716523937290e-01
1.284245701259764116e-01
8.984441551275710314e-01
3.600728998038515982e-02
3.642035231366269610e-01
4.908980090590281398e-01
4.421404276439342418e-01
7.739981959128583444e-02
6.676870518206710070e-01
1.395408871189611766e-01
4.550074085712906280e-01
7.643774582818017027e-01
9.382464247471680174e-01
7.170568929483285281e-01
2.556163888709537257e-01
3.474166859615739344e-01
2.823667345601642564e-01
5.094272604298576423e-01
1.833990768279337713e-01
3.831034152403556270e-01
1.860266966112879006e-01
8.344096256153937796e-01
1.064342431719469406e-01
5.202656975014873231e-01
9.059995388757833279e-01
8.171373977080440554e-01
8.972335885161214497e-01
7.719794345347852360e-01
7.507537115639643099e-01
9.127266703328985598e-01
9.433936767648972710e-01
5.430853819858831866e-01
3.745365346626227110e-01
3.237398902377333076e-01
8.753697395111620372e-01
3.690659299471826804e-01
2.346618095262913428e-01
1.327800584506052539e-01
8.520792192391435371e-01
4.412535818891486494e-01
3.572582405178977849e-01
4.796818082357601210e-02
8.055369826582243764e-01
3.755774329584721238e-01
5.131710137766765101e-01
7.581672482805041913e-01
4.228541166452304267e-01
9.961956335899272430e-01
4.409001032287492849e-01
2.234975821071121249e-01
3.808077579303787985e-01
2.745883208559978250e-01
7.620084664658326457e-01
9.252892901628484434e-01
7.124566175144302349e-01
1.694011525285190611e-01
5.347187948073329755e-01
3.894246711022781859e-01
1.681527286749198158e-01
3.612062323300302413e-01
6.020191163494303943e-01
5.549457632532287521e-01
1.946897765583747164e-01
7.384182918459671896e-01
3.345901534027888591e-01
9.777967326247757329e-01
2.267954036900867720e-01
4.868733183302793588e-01
9.952710140231433300e-01
4.586313311934286929e-01
7.892981046568450232e-01
1.628693012315869382e-01
7.526327876059845101e-01
2.436504963235053278e-01
5.913236511503573434e-01
3.391450733376610849e-02
8.334510817969121854e-01
4.455105358639421809e-02
9.355270674660366437e-01
4.271575202993747045e-01
7.583179860063856692e-01
2.772902490917583673e-02
7.396597773591336855e-01
6.474676530277626574e-01
3.629645247310546718e-01
4.744613380071298625e-01
4.661047750342298679e-01
7.062910472201333612e-01
1.465029953874357194e-01
3.111656542249530144e-01
7.239949299409356165e-01
2.132084662703097599e-01
3.274231836241079385e-01
1.742412983951053818e-01
9.222969000480432111e-01
5.576143184373189010e-01
2.653490112554383051e-01
2.245224198242713465e-01
5.362022373453401158e-01
9.647799925172151347e-02
1.160849308904988719e-01
5.372617840269774403e-01
1.538210115469862416e-02
4.418466761613231153e-01
8.315098380129418709e-01
1.342771697549548504e-01
5.157213738100432376e-01
5.325877122405052733e-01
3.037392401168879097e-01
2.156887157026102786e-01
2.439954447970605900e-01
8.670972754934360704e-01
2.250311193369139984e-01
3.025023212385564708e-01
4.826409492885141983e-01
4.670628283810602799e-01
3.167300652309570363e-01
9.934587965330735626e-01
1.115946430136798284e-01
9.888786037605662438e-01
3.139444199510292854e-01
4.085106775795473988e-01
6.760685799538631580e-01
1.533619796853780137e-02
7.505559919616141551e-01
3.353855152274939355e-01
2.401594569599330153e-01
6.905849885198840354e-01
8.800972964400104459e-01
2.066818249392859963e-01
2.668491628775386815e-01
4.768029968094028570e-01
9.685427227017832097e-01
7.747793840954471101e-01
6.592222666256589703e-01
2.988023579672454133e-01
9.556651714663599861e-02
8.951443256236044643e-01
1.067119418575207535e-01
1.977925733059355817e-01
8.618198598719131187e-01
5.990645253224016198e-01
9.083735860788471062e-01
3.714401559894069393e-01
4.813208260319877807e-01
1.943264103171844503e-01
8.562955846398091486e-01
7.496058937793828036e-01
6.192397386369241641e-01
5.287833858016238731e-01
3.297050915168769913e-01
9.846435141334616281e-01
6.712022072162986408e-01
9.618168878262489674e-02
6.234287359358970937e-01
6.028279623154964018e-01
1.353661181821688153e-01
5.522311372579246092e-01
3.765928461673596628e-01
8.055185981502653858e-01
3.935933282933913313e-01
2.811738493398994176e-01
9.322322064276968856e-01
5.613809870063851681e-01
8.742196199988311323e-01
6.796056604792598543e-01
4.916726891016471868e-01
2.852304927395055145e-02
9.463903632371464258e-01
6.595052974314381533e-01
9.312908407233277952e-01
5.028271263336792085e-02
2.933520021892479512e-01
8.450885547394715314e-01
9.342180037093577027e-01
4.061073537379363829e-01
5.279760607861677668e-01
7.521977463408868747e-02
1.436983742529139851e-01
9.010560449437010622e-02
8.849940843590388129e-01
3.373185354424486082e-01
9.016377785680207424e-03
4.491833888306784317e-02
8.770330530323815488e-01
3.263907828585588256e-01
1.664399644869533068e-01
9.361807853450310191e-03
6.813950085460261930e-01
7.167108414122180804e-01
9.801104677435759083e-01
4.200429759315731371e-01
4.298494455528061309e-01
3.656407663132029695e-01
3.714422388099301031e-01
3.440912743083496261e-01
3.863091216196791189e-01
9.003021898329091055e-01
8.881006007859613138e-01
1.436048914731385961e-01
4.959964189586321126e-01
2.434906041256734710e-02
8.388120876006076587e-01
6.419179689530385424e-02
7.236647566660807662e-01
3.563146268949626272e-01
8.968071254313603191e-02
5.714716238578502194e-01
6.840337346578592159e-01
1.905872509671354686e-01
4.148528596343640240e-01
1.521615942228351503e-01
6.811656227141141828e-01
4.601364082603246475e-01
9.266475548323008793e-01
1.678473330576050193e-01
9.125748679871779068e-01
3.889632519188080950e-01
4.003365408438033235e-01
2.521836269798441998e-01
1.410195141642902605e-01
9.238178268303232077e-01
1.237036461225793360e-02
4.530091116558401243e-01
1.773229385328622953e-02
8.708849462643453165e-02
7.327163836800152374e-01
5.552114789288968844e-01
2.232607258651719828e-01
4.004488061474835714e-01
1.528394614347010627e-01
7.270027438435244793e-02
1.418992944510032439e-01
3.065316451944667397e-01
9.244697889992069539e-01
9.493537589441103375e-01
4.375731418924548866e-01
5.594492593391031665e-01
5.373763295020009823e-01
4.739307795983930260e-01
8.305849500477148206e-01
8.089256886529748725e-01
9.358270567872769563e-01
3.210880016661166181e-02
2.757518536812363363e-01
2.820049691541541836e-01
3.224070001998683432e-01
9.397817970262567489e-02
8.455533039006709606e-01
5.466733450799795557e-01
1.250720973639940503e-02
3.484140448411262581e-01
3.790118368279858929e-01
9.026144288032366125e-01
8.372117145912117975e-01
7.107807921578407351e-01
2.720467200622975756e-01
1.649089004927377644e-01
2.800859302128410055e-01
1.034502892688218267e-01
7.420483129925478094e-01
2.489446423801873198e-01
9.734907533378378552e-01
9.646352512971129167e-01
3.805465108556974618e-01
3.919505452128858591e-01
9.160123761301467438e-01
1.410654531003224799e-01
4.925953085091776540e-01
9.482867711543363498e-01
8.344696117599523788e-01
6.743057174996550662e-01
7.270615062458198885e-01
2.647628258393699419e-01
9.608225613360188433e-01
9.796342405407011400e-01
2.864908190274372268e-01
2.305124784839474028e-01
8.102433983028760611e-01
2.946028791587872453e-01
3.537941956907376673e-01
4.510998342074956646e-01
7.952305568637662025e-01
1.559200409114080976e-02
1.090376379125264084e-01
3.996052572637693867e-01
7.256084736880574759e-01
8.127492439866522700e-01
1.136795702320202439e-01
2.450026350328737834e-02
6.507602770490505950e-02
4.012998981856350511e-01
9.540057002111300699e-01
9.709244241993749691e-01
8.112975310339618495e-01
7.564758374011357756e-01
7.175502123973664936e-02
3.758575062562642399e-01
3.417494739165637396e-01
7.751657702249844517e-01
9.420790517614808790e-01
5.724442012189392415e-01
1.072208922838173706e-01
1.632708306234134099e-01
5.476212242619925563e-01
1.095190964189168836e-01
2.395898589436363801e-01
4.718085271068154229e-01
3.133827025549558165e-01
8.991284753753406855e-01
8.055644359468320248e-01
7.700346717943951091e-03
6.991909974923083970e-01
