9.563225284838416940e-02
3.199133059655894229e-01
5.191274463667165939e-01
4.615560445224731190e-02
2.654285297439384905e-01
6.890263914395657885e-01
4.944103176377259157e-01
8.571573561577877642e-01
5.679524870637656653e-01
8.169322484276471119e-01
6.722843513518359515e-01
5.022394262982166069e-01
8.858939946081167971e-01
6.353715944860025555e-01
1.536869104557142540e-01
1.476986967553006735e-02
9.374725802383850892e-01
5.787813434720190386e-01
4.497184974115658873e-01
1.312417387453101991e-01
8.912190506592931882e-01
9.650506198170770711e-01
1.446696467314005918e-01
4.651603583550570908e-01
2.546219293976619280e-01
3.322175896187522515e-01
4.623696790590379191e-01
3.957162206800288740e-01
9.442471211816272358e-01
8.956449708762930229e-01
3.437500305276434132e-01
3.768967435606417338e-01
4.281499627006530861e-01
2.369494318728878612e-01
9.232118716174905204e-01
9.764023138513198141e-01
4.581586880028676312e-02
8.851228661348947702e-01
5.701583877910305631e-01
7.515788462648280710e-01
7.208344078279813605e-01
4.553929981524649229e-01
8.722551015687899367e-01
2.099750794258082864e-01
2.844912098752923058e-01
9.219101850538816700e-01
7.294032778302672604e-02
9.784934726769278779e-01
4.008776729704662811e-01
8.741307302439859095e-01
2.268434848066848142e-01
4.788183963161548595e-01
1.125002744816095968e-01
4.118641080935822041e-01
7.389033472202399810e-01
4.186510764897363179e-01
4.674249706115667369e-01
9.627184333309679598e-02
9.043432341492445570e-01
2.835187711193195570e-01
2.780506220730971645e-01
3.016079257744073150e-01
4.473570567928033537e-01
9.355799679818788128e-01
5.907815246036132173e-01
2.208165043122005677e-01
9.342347162315101095e-01
4.843688213300885170e-01
7.551259467715991658e-01
3.278797484684168317e-01
9.794906593486487623e-01
9.548295895733962535e-01
4.866358689316814257e-01
9.165070510715224161e-01
6.873190850442094657e-01
5.438816672072555036e-01
1.744247343300171504e-01
8.085729934078342840e-01
5.771252828806687774e-01
2.561721701290390341e-01
8.393725994364388265e-01
2.054676079370095776e-01
2.467312619394002038e-02
8.855277654433163503e-01
5.206236230296908962e-01
4.329844881927896738e-01
2.357723380109972844e-01
1.956313459925199671e-01
9.709123533626122793e-01
9.658190052412921611e-01
5.611352126793855977e-01
2.359955434065897917e-01
8.182422151182399128e-01
6.568705974315975915e-01
3.403096729962924449e-01
7.215942208234668032e-01
5.667638416114451072e-01
9.299895199559309322e-01
5.062989585067179110e-01
7.983177293726032575e-01
1.845436371196326197e-01
9.382933940970595854e-01
3.188124062084117805e-01
2.952244800313221784e-01
7.185657646706611335e-02
1.135194569520269203e-01
8.470315765911851091e-01
9.621109579521813782e-01
7.435323696249973580e-01
8.585042664772063459e-01
8.160165785724771137e-02
1.840706617701212133e-01
2.513882439131556179e-01
3.711058848336153959e-01
2.068087382975501987e-01
7.445789022628311882e-01
8.489799965138766780e-02
3.085164443921406541e-01
8.433488562067357197e-01
2.387924069291641471e-01
4.633593162980357283e-01
7.674441819374395735e-01
9.662672659228560557e-01
8.789525625885485915e-01
9.582553429733964290e-02
9.823540010088116503e-01
8.688035718816098374e-01
7.790650957707573321e-01
2.754336476504459785e-01
6.224339218865501122e-01
5.898492467704841147e-01
9.199618487334705330e-01
3.123318666118861664e-01
5.604773317355102868e-01
5.820741754452243288e-01
9.967629859840915207e-01
5.532014164837024683e-01
9.766164039732522228e-01
4.529411778824650181e-01
3.761862785078547988e-01
7.096099496816680174e-01
9.667665419235319524e-01
6.685516010757952543e-01
7.484943711026642577e-01
8.469361928280141338e-01
8.462332109605105179e-01
9.589929451895449208e-01
8.473255399168729829e-01
6.324297492085256822e-01
3.548885132945285292e-01
8.572734755966060494e-02
1.893518449854828534e-01
5.774242979195720604e-02
8.418611916256536487e-01
6.449976992114451191e-01
9.697985691434036770e-01
2.476155392451825366e-01
1.376569872099884240e-01
3.131515928850658881e-02
2.977098935117138412e-01
3.134120743683848076e-01
9.626295390112837858e-03
9.351817394444632559e-01
3.085560645980418570e-01
7.368482067194918050e-01
5.326818212989991030e-01
6.659908223071914213e-01
6.281567143838332479e-01
5.590901313885703328e-01
3.384491547186699867e-01
8.416522947407725219e-01
5.087968285494717247e-01
3.982525729724556429e-01
9.471880269432073618e-01
1.131811850959881793e-01
5.088044983118522602e-01
3.586742465455483586e-02
4.731981992354733491e-01
6.332357695640222772e-03
6.147506142202958657e-01
1.455617235486532657e-01
1.051757980746595988e-01
5.548785110649322450e-01
9.226978065155723163e-01
8.936906783187985592e-01
5.347290025876537678e-01
7.276717618275219124e-02
9.405232793633500066e-02
7.705158557748333914e-01
4.947149164121115161e-01
6.115077088249381010e-01
6.246570137072919859e-01
4.014098927244174053e-01
6.828100391203854036e-01
2.844975494325112653e-01
9.176265584892626670e-01
7.364676552467588344e-01
4.213700075393108646e-01
4.141653491285550714e-01
2.487334922715406238e-01
8.127458477262267111e-01
1.891012680897595777e-01
6.745634558813321524e-01
7.019587369445446923e-01
6.761347452663789559e-01
1.450874284128811365e-02
8.942218671042435618e-01
8.272214462942533153e-01
3.551589388393004976e-01
9.978725469878618748e-01
7.715680812928094046e-02
7.032062485044388023e-02
5.510743527015020682e-01
7.739469131543708080e-01
1.840677861328865461e-02
8.620063394982450111e-01
7.893717921176788277e-01
4.381610810678759904e-02
1.648339579354732853e-01
2.056560600341743594e-01
7.771013574810606839e-01
6.033849439956984195e-02
9.984713903181674510e-02
1.133134442643880524e-01
9.557408624476559922e-02
5.111237663093203265e-01
2.191387833641584848e-01
7.873019716559594983e-01
4.543919802830488353e-01
2.202612148879447007e-01
2.183843059862596858e-01
9.687330707165940913e-01
3.935607916323305977e-01
2.146436902883650522e-01
2.134425118398285415e-01
8.256752086101792898e-01
8.514600076925183947e-01
3.628808087665836846e-01
8.047832767383760189e-01
3.929669810418423559e-01
5.372779006293925130e-01
5.720682915060816276e-01
1.558411950480054209e-02
5.331752702010044143e-01
4.855896366253664720e-01
8.351415797566619226e-02
3.902597588886466129e-01
9.114835370519897007e-01
9.372818537497865643e-01
5.334269837685778892e-01
3.208935963692775006e-01
5.856205056133361175e-01
7.303915705626982113e-01
8.054115177067919795e-01
2.945987344599897417e-01
4.526725957798781730e-01
7.186404717703631650e-02
6.641906256844116729e-01
9.692525706421706300e-02
4.420629853167099554e-01
4.582515808304277183e-01
3.895680015405607044e-01
3.139087593434796153e-01
1.408752720364734312e-01
9.087946391053397521e-01
1.259584072022544854e-01
5.431190042864838530e-01
9.833968519804505704e-01
2.188876527513596848e-01
5.154609220299034567e-01
6.464544243488548059e-01
4.829745947966741504e-01
6.875234357444449662e-01
8.910752322277459836e-02
5.729012098270754860e-01
1.044540353316097958e-01
3.658847136792967580e-01
7.865427526211798970e-02
4.155525968624961264e-01
5.150520786239917159e-01
8.947624225632082595e-01
4.163618310096806052e-02
5.455715381065087133e-01
1.759358878944907723e-01
3.280819478569729775e-02
7.180958612292002163e-01
3.283765335807017349e-01
9.328140058536770196e-01
6.791365932092221502e-01
8.344104119990594093e-01
1.269422637477730653e-01
9.956536339006571978e-01
7.221240761960915355e-01
8.919337228207757651e-02
1.306847111597705391e-01
3.947860748789621121e-01
8.321239670176870939e-01
4.923401468787595991e-01
1.104744190619285638e-01
2.791287798090278383e-01
2.743081050970295198e-01
7.150855248848964063e-02
1.427819783137761478e-01
8.617881420937690828e-01
6.125272858741165338e-01
8.865184855313759105e-01
5.310524636875714188e-01
2.561692157661865643e-02
8.845080065439259176e-02
4.640211476517618339e-01
9.257821443968300423e-01
2.320502586665895706e-01
5.208442636524041047e-01
8.912812510403405053e-01
1.328495128387092716e-01
9.654186686394959915e-01
1.696196821357517370e-01
7.776635828917707327e-01
4.361710148386540586e-01
7.403677766689606976e-01
1.324215307467705438e-01
7.747341298929986131e-01
4.936008271048027973e-01
9.613202860294139951e-01
8.371603947096626364e-01
8.504559079844361547e-01
1.783499664097831783e-01
3.492372585185034017e-01
6.787814624430046351e-01
6.907634359247388778e-01
8.540801644363612555e-01
8.954417985944964631e-01
8.038269126063053438e-01
5.171843581491268882e-01
8.060480003214111067e-01
8.128252853326499716e-01
3.928867215957682069e-01
4.013394074424111446e-01
9.294358502390198673e-02
9.544007886849074085e-01
7.526265219716160582e-01
6.472377027600758614e-01
2.915908840836632931e-01
3.422180204035893958e-01
8.858664854402041877e-01
6.078585082878751322e-02
8.331700081851137751e-01
1.585673133190171891e-01
3.456138620255954086e-01
4.465417223660003154e-01
4.262042441964249972e-01
3.047460717096051042e-02
4.120242214927863911e-01
6.267573104934873740e-01
3.934219592178240799e-01
9.329326720402008055e-01
5.104804551657715628e-02
2.463573332694590778e-02
3.213971735315641620e-01
1.084586034776277019e-01
6.131073023447072279e-01
8.725120276433554478e-01
1.897293625415572560e-01
2.622203076806027822e-01
4.330455715092174085e-01
5.655314675614929731e-01
2.192205126426194361e-01
5.546488478128454025e-01
7.325777681557450460e-01
2.700968447211355983e-01
7.379842210307755446e-01
5.935958027541846649e-01
4.439402661425780883e-01
8.120198399686491264e-01
4.216476011970077264e-01
6.073839696542902011e-01
5.905220572638969490e-02
3.533873361485337927e-01
3.280754320535590463e-01
7.227610628650156244e-01
1.573197425054166931e-01
5.934380315476101009e-01
6.365460155629141248e-01
7.750849488277244959e-02
8.048079256229849765e-01
1.669459540326045932e-02
7.885615110874142353e-01
7.246262695247449592e-01
2.633377975565951434e-01
3.779154526413037729e-01
4.745420787080728564e-01
9.797041828122831086e-01
9.929511468472886904e-01
5.754810211292106237e-01
1.515144637775823755e-01
1.164196343156953528e-02
8.252726237336264203e-01
7.905272807598665574e-01
1.612207761746865531e-01
1.779872650987723848e-02
3.525802250226529599e-01
7.140390988192615307e-01
8.691124483426084790e-01
6.547816174514046184e-01
8.149055938690831224e-01
1.434272245060245199e-01
9.457220200281833966e-01
9.911496815466708243e-01
2.215408951602108045e-01
5.460612913891208509e-01
4.405345674723394334e-01
8.585456269344559077e-01
2.558190099733728129e-01
9.798448851647898472e-01
4.819760222303133279e-01
7.254295755421183989e-01
2.625001180171770976e-01
9.207606326833206456e-01
1.764872668729177141e-01
9.870255020196275764e-01
1.671985427272780766e-01
7.294244212831451080e-01
1.177477455538239459e-01
9.413388400414217649e-01
4.432817787468419368e-01
8.849662865905006948e-01
9.535364048178661678e-01
9.959960048475963168e-01
1.576990984919171002e-01
6.059287092111875772e-01
8.901419169619206873e-02
9.781055061449301924e-01
8.072937629290689587e-01
2.860737760427480847e-01
9.388618585856577381e-01
1.794448065550391380e-01
9.537540645021940211e-01
1.030776842958560646e-01
7.841198697665432427e-01
8.514835355558738605e-01
2.642807983827888396e-02
3.684726899121978372e-01
9.798074439446161632e-01
1.989321098816853040e-01
9.323729533983869944e-01
7.793180275027092874e-01
7.570620412379754915e-01
6.617089015567648724e-01
9.302711990639449535e-01
3.770354014008814314e-01
2.941041271376455546e-01
9.319129746765744127e-01
3.409086194854549223e-02
9.695165576100682747e-01
1.600093157830133617e-01
7.888302264317119672e-01
7.530502365612512516e-01
4.418429711516379532e-01
7.772904188005880233e-02
9.250876259313662864e-01
4.428941534837997906e-01
8.012482274284965511e-01
8.202001245013014197e-01
9.919216269995082547e-01
7.575687836850923951e-01
1.110670087416287810e-01
1.000482752537682485e-01
7.958312280922276161e-01
7.360978991553529527e-01
3.401104250458223399e-01
4.809468859602041846e-01
7.445899197883878440e-01
3.442019781479568330e-01
5.466830062263137169e-01
4.576212572318575367e-01
6.824672020360083025e-01
8.003127653721244794e-01
1.371344270390673081e-02
8.816447961601436845e-02
7.404064978954620901e-01
