5.144107212009493280e-01
3.954514128588034749e-01
7.299179347362427794e-01
5.092393477458357909e-01
7.785997214653996856e-01
9.866236621991718581e-01
9.586938389466960198e-01
8.000731684889399453e-01
9.413427081177884181e-01
3.543484543454511471e-01
5.834595588473037164e-01
8.844263220924573066e-01
5.198484502551784514e-01
7.250307131594856402e-01
4.502495750857649082e-01
3.952225201719516967e-02
6.135755214250626643e-02
3.771491876924051301e-01
8.885785366245562145e-01
8.480486570267402602e-01
9.478990262191777649e-02
1.680837946649426096e-01
3.577804955816396015e-01
8.742536412303033577e-01
9.994820562925916807e-01
1.689029881625242480e-01
1.873889978858368499e-01
2.941314843590829842e-01
9.858995855425526367e-01
8.878503819870425806e-01
1.442670769047251778e-01
6.946134414094415899e-01
2.485428990084667111e-01
2.249061311163171872e-01
3.337834355935428432e-01
3.668135926923997703e-01
3.385833490455825157e-01
1.932159246523873497e-01
8.439856841345927396e-02
7.214857664478415700e-01
1.081481197289344554e-01
8.168284752127863424e-02
7.587772800971527287e-01
1.796170874010981633e-01
8.920580686062760112e-01
6.933891314026566777e-01
4.541762162690573534e-01
8.048449304775275870e-01
3.965936779009557878e-01
1.750517735441641243e-01
8.712838038161337950e-01
7.720910043618934848e-01
8.919236859086613345e-01
9.023169986679263621e-01
3.425837291310115384e-01
5.958600220086455179e-01
3.405069867816074014e-01
7.076973559419361681e-01
4.325322883644867611e-01
1.896182963622035089e-01
8.798210753930766348e-01
3.097572504846971553e-01
9.177017584768987213e-01
9.864488147263826834e-01
3.828384863945272221e-01
3.213095538170461785e-01
2.730147154290166744e-01
8.319577350395785942e-01
5.241787620889331034e-01
6.606566804583914321e-01
6.292849070829673597e-01
3.419231558731873344e-01
8.488177675476773487e-01
2.989378448456586623e-01
9.645766440459545565e-01
3.896636944287846793e-01
9.780404817524546157e-02
9.824391753152063034e-01
3.285709641414723547e-01
7.233412370924385826e-02
2.615666106210484676e-01
5.437434855685135959e-01
8.327274927745322852e-01
7.248494519197798969e-01
9.857422329305918218e-01
4.559491893769160864e-01
2.390859965748711735e-01
3.046910069749731997e-01
5.461942061474094334e-01
2.801537149068968890e-01
4.139165104990442101e-01
9.011049690687314984e-01
2.404923496533295513e-01
2.537675274016424343e-01
4.115700232377277334e-01
8.019714640474679967e-01
4.331638090180639500e-01
6.566722979046510922e-01
5.925994540134965627e-01
4.248485479706242129e-01
1.119612583155117358e-01
1.876204817816721215e-01
8.030653969076119170e-01
9.236487069382135484e-01
2.638128050958347126e-01
3.504467377298654540e-01
9.404014064524669481e-01
4.244329380343114799e-01
3.069718945050977643e-01
4.222064770192590633e-02
3.173709619311733121e-01
9.689936702175779848e-01
1.590641884439771836e-01
2.933649083996382467e-01
7.747857011520825621e-01
9.629389478077181597e-01
5.607414202780309775e-01
3.944450785826700834e-01
9.537673915352485876e-01
9.307543494186316657e-01
6.751947647063111235e-01
5.512776928150604494e-01
3.414215640151102571e-01
4.890826160694804470e-01
1.512251639354146304e-01
2.537168614951605949e-01
7.261436151862477040e-03
9.115959459824491962e-01
9.153457452560246344e-01
9.534951992081296401e-01
5.260462553349385395e-01
6.101051048593407744e-01
6.916411578568599783e-01
1.172305803712525574e-01
3.122445054735039083e-01
4.650517773611941852e-01
8.056347915631481005e-01
1.748011970947739302e-01
7.892352821282321296e-01
5.222232076465966877e-01
3.952535723546526381e-01
8.715249164288949579e-01
4.713552806861533995e-01
4.439266476608173528e-01
4.530216263344392091e-01
2.595186524764193647e-01
2.126856172412076029e-01
8.177048657876229143e-01
5.266941338186946764e-01
4.822423432235526386e-01
1.191888425556728581e-01
6.691965387096305840e-01
6.559843857344470619e-01
6.044920471248715899e-03
1.598686422904624926e-01
2.295283389056095302e-01
6.305605461416237123e-01
2.829927808029933933e-01
5.847906528597277553e-01
8.042559683463392783e-01
9.671176441042006466e-01
1.872988412266550773e-01
9.827045793735766921e-02
5.436883278921860185e-01
3.426942934471070012e-01
9.313766672069844210e-01
1.267852597139426107e-01
7.760101513579893417e-01
2.258786731339715859e-01
2.386425476992886097e-01
7.048000471509452414e-02
1.577612627920268462e-01
9.382814876877857424e-01
5.404755433422055999e-01
3.202956138659812657e-01
3.723960271867106098e-01
5.130565424475470593e-01
2.278560019135807968e-01
6.004350394263333612e-01
2.783822915561683375e-01
5.578559189541615337e-01
1.334522236012148921e-01
6.675960187264736723e-01
4.757813561633457144e-01
6.424600067111801982e-01
5.642187439079124900e-01
3.499031311910918429e-01
1.837979374992649850e-01
3.855123639135105140e-01
1.233945250875371213e-01
3.571245949364011407e-01
2.798992561324721295e-01
7.161792775876141270e-01
8.044513762704503801e-01
9.859857731967968109e-01
3.253738850926485293e-01
3.776715970434241232e-02
9.260015066229952962e-01
3.098806901837015682e-01
8.936298606768003916e-01
5.348285901483307292e-01
7.565263473349342904e-01
1.534070557540120339e-01
2.010771600564373873e-01
9.983519581323898606e-01
1.552556401425032595e-01
8.508881293116028477e-01
5.883363298147771259e-01
8.771316745410683291e-01
2.909744765463079252e-01
5.282495194732742538e-01
8.472285116695370544e-01
6.294305576018066617e-02
5.623041727004155499e-01
7.657439716014113884e-01
2.098796201893272650e-01
8.826916551912581399e-01
5.781822567098450216e-01
2.955123460432584892e-02
7.850441270084334011e-01
5.872126205564841550e-01
9.690821087597931704e-01
9.683159256100687395e-01
5.690873615530537277e-01
7.733070639028539750e-01
8.551784831681167320e-01
1.296268414141461545e-01
7.499707403220685631e-01
4.218239140235179319e-01
7.058716877620775376e-01
2.326077527814424117e-01
7.154525856658345839e-01
3.287543979732299171e-02
2.930729479580617136e-01
2.348425108459727406e-01
8.653911036136402446e-01
3.645530252371020907e-02
9.343026609789938375e-01
9.242447312336333765e-01
2.966965577071727367e-01
3.460516775986580695e-01
5.846966327798696073e-01
4.826664127272130012e-01
8.240923398618982265e-02
8.444361126574928544e-01
1.442935228569126593e-01
8.732712560519237943e-01
8.242969150829361213e-01
1.141774599470858353e-01
8.188636769999164677e-01
9.535188472055031728e-01
3.012669570729226143e-01
2.779270528940342988e-01
7.807264983931794244e-02
1.890352071053869043e-01
8.918754760736018472e-01
6.756360604007836113e-01
2.040034778440258378e-02
1.785376832850149587e-02
6.127702049595283862e-01
3.130649786454187122e-02
8.465594360058564805e-01
2.583497706666912919e-01
6.248025377960337856e-01
3.305229828480427123e-01
9.499790793448877890e-01
1.017909320806745788e-01
3.126551267142252399e-02
9.025478640041119105e-01
8.212004222411042331e-01
1.296532991039889282e-02
3.903832861793902209e-01
5.827377180233308529e-01
3.453718240064809208e-01
4.017425493304749295e-01
3.494103132380256271e-01
9.547038309596042049e-01
3.642766094704968927e-01
5.178054397548614851e-01
8.717882576014379659e-02
7.807144543724483521e-01
3.869079032680587948e-01
1.573770081561191025e-01
8.505328953532149683e-01
9.281212432955298075e-01
5.186184140288551125e-01
7.860326585604089367e-01
7.291885927368408904e-01
4.292084631813102291e-01
5.078997078638636253e-01
2.583745781889439375e-01
3.848000528687767208e-01
9.783302812528096304e-01
7.854412439201924334e-01
6.337659007112169673e-01
7.996790439547101226e-01
7.792914873416298960e-01
5.451325807284634895e-01
9.401327177039454641e-01
2.374291695055813500e-01
7.953952205552562438e-01
8.959094015477713224e-01
8.615164773423339417e-01
7.716735821135495277e-01
4.817632845039143685e-02
7.116817219637985303e-01
3.944847632603455390e-01
7.932082358980588888e-01
5.213159288394517699e-01
9.533420533329534097e-01
1.211379282225997223e-01
4.685941544376874823e-01
6.971582112282723731e-01
9.025492399512914377e-01
9.622828354095277481e-01
6.725336538578996493e-01
1.031709442222563666e-01
8.767846867994623095e-01
1.216770425881288364e-01
2.749489271136904556e-01
6.676683651146119169e-01
1.425999777718134354e-02
7.588319270475241130e-02
6.719040088936574229e-01
6.449460731422762549e-01
6.255159911348643353e-01
8.373565672987370867e-01
2.877261241324080565e-01
2.230273039111125843e-01
7.760138583418098035e-01
3.177357252971623192e-01
8.324881061803612869e-02
5.150644129228524326e-01
2.946566328091264619e-01
5.898181088812237682e-03
6.719744753635441548e-01
9.999804043464429748e-01
7.365849576583249902e-01
2.550090799703237376e-01
3.104438162908450538e-01
3.433383445155407943e-01
2.605803718929288193e-01
3.984040393018616344e-01
8.799895950260984145e-01
3.643821055529348207e-01
6.163636812013112420e-01
8.154901555838014460e-01
3.490041717267117205e-01
2.521942205583790342e-01
8.999155219749594981e-01
2.784097456684714311e-01
8.588639837422832324e-01
3.573145892125303424e-01
6.395563102044322656e-01
1.950157121298919938e-01
6.449317357760742109e-01
1.206158581398171226e-01
8.411719594803290789e-01
1.450862488866855315e-01
7.708442059206602748e-01
5.759812375524847594e-01
7.681935611225441107e-01
9.880732760264909764e-01
5.851034282801312880e-01
3.774633369928318549e-01
8.976873732308189302e-01
8.075775127213462579e-01
2.574573555990801177e-01
8.962236290300050756e-01
2.687477154102395627e-01
4.862997880430685038e-01
3.883480275004512761e-01
2.177399792436742754e-01
5.576191943068853352e-01
6.402755861536736370e-01
4.620439349262666084e-01
4.202547101400662122e-01
2.275312206652114755e-01
9.533317497669260288e-01
5.601091975499674636e-01
4.098733705185253484e-01
8.288943747615085123e-01
5.914073644566186783e-01
6.417086824138918955e-01
8.470095095560237208e-02
7.099934439206541104e-01
9.867811464545653832e-01
7.066503465611873036e-02
8.083492948807718959e-01
4.865185453878051458e-01
5.082105341835466694e-01
3.729846025205945104e-01
3.587621065665456133e-01
5.032872602362039594e-01
6.149773929361220803e-01
3.479677316743815529e-01
1.501260215575808132e-01
9.206170681043464032e-01
3.616174757728941591e-01
4.335366903452390064e-01
2.194768433143083897e-01
5.257405828072776455e-01
3.009049654920874506e-01
2.256942918778708229e-01
9.807218509852143606e-01
6.283065469970010586e-01
5.919842136394281029e-01
4.872400052976481044e-01
3.986916339271399101e-01
1.179483912636620779e-01
4.590315977158896388e-01
3.318421151335215757e-01
4.280924567105345302e-01
6.506237664527599884e-01
9.507843378477820462e-01
8.682693158330155869e-01
4.638679059442191166e-01
7.904229257543681220e-01
2.787955070594017037e-02
4.005996568188348039e-01
8.657366693031289806e-01
2.154295553321885492e-01
4.530892157837206335e-01
1.817535174065105785e-01
7.084767192259338042e-01
8.805102038144143606e-01
8.809024149233756207e-01
4.671507363347449093e-01
3.227059174992826796e-01
6.377432142433706597e-01
2.098184620550361812e-01
5.902306101171103103e-01
2.863692486199709286e-02
5.101870401845235437e-01
5.897359997087212591e-01
5.034457808257405409e-01
7.376872546348306470e-01
3.577804569709093219e-01
7.367865880360280340e-02
3.788962346811357573e-01
5.983625122545322972e-01
4.860437729504428761e-01
7.082325791002264115e-01
7.212884393175275077e-01
5.024773005846837615e-01
1.627734569231207296e-01
5.180754684952870726e-02
2.062867766542449965e-01
9.474574391340101487e-01
9.479554776240497471e-01
4.172642011814176044e-01
6.153679518815157179e-01
4.025947543463087586e-01
5.878926054019945058e-01
7.609905726172311313e-01
3.111558959741581587e-01
5.146557213066921266e-01
5.817358738587327105e-01
6.698695085265178317e-01
3.886674346452302364e-01
7.909562727409391591e-02
8.431527217358129045e-01
4.522147366013473668e-02
8.913301395622823531e-01
8.999566622408822214e-01
6.797121892721694758e-01
5.561920962738612362e-01
5.789945375759567581e-01
2.983675228088692455e-01
1.921264566776599292e-01
8.703033947172900131e-01
8.091591179021542235e-01
4.798698483847914087e-01
8.956876570841313390e-01
6.992833935260891476e-01
3.177696077091914928e-01
1.138394627073185950e-01
9.019127464946132822e-01
2.237400190388759702e-01
4.337283330329128050e-01
