8.513138009267013917e-01
5.205708883827575573e-01
3.809157933633603443e-01
4.714015048409530007e-01
3.613571174676621922e-01
9.893592773587124301e-01
6.654619094423103176e-01
6.982309166365170405e-01
8.416582940063492835e-01
2.390067019603947518e-02
8.498639644315741926e-03
9.318043523750414447e-01
3.118399015045156819e-01
1.638049058825986615e-01
3.525775229336285399e-01
3.177214324892276842e-01
2.527661360501962662e-01
4.877672651800889492e-01
7.605890106134320927e-01
5.765116216334287280e-01
9.852713152748616698e-01
8.373936968914063028e-01
3.997486629774115174e-01
7.233807802320730840e-01
1.354457347865097860e-01
7.681877641314323046e-01
3.399119617822874417e-01
6.989798279445463836e-01
4.545774871156368357e-01
4.303104335097754918e-01
1.947239982468024211e-01
4.349064117728910217e-01
2.269350611923041106e-01
1.001948771275703587e-01
3.732554793109875702e-01
7.832470492971558285e-01
4.051996818026626368e-01
8.257393141668486480e-01
9.379193118311373034e-01
1.326834742481375340e-02
4.957001167879971915e-01
7.115860195147717393e-01
2.774558266190241262e-02
3.174048174443949710e-01
5.665041523439885429e-01
3.468935997675230976e-01
5.515588934274138211e-01
3.404994513093475561e-01
5.787484270206690873e-01
2.766789158054357989e-01
1.924470789433239126e-01
2.433109022184625214e-01
5.860347988854885948e-01
4.581531778532146326e-01
5.742688454404215603e-01
3.162573386643718898e-01
9.668134051749771585e-01
3.403614809924471185e-02
8.235286127090934993e-01
3.442344468674529701e-02
4.121591145315908200e-01
4.484725113226967208e-01
7.429311742192681312e-01
7.231403903646438369e-02
9.452698691964518396e-01
9.313176530420756993e-01
8.629058616414106986e-01
5.453306534900868030e-01
7.445292728410962679e-01
6.120638458102004575e-01
9.007744075943202589e-02
6.895549558484903585e-02
9.054607504746626789e-01
1.718405587353878383e-01
8.633881331112069901e-02
1.720682698676069267e-01
9.773644663261329413e-01
4.128297916403620427e-01
8.587410749982482550e-02
7.497578452121230752e-01
3.675262737925957257e-01
7.272561714989969062e-01
7.696070341716513274e-01
8.264309367753671642e-01
2.271267896043408507e-01
3.856485811551895182e-01
4.580511098776673951e-01
2.575877073361003688e-01
6.486502521119374975e-01
6.764661329630510256e-01
2.397971537225073169e-01
8.682569835132720737e-01
5.729259933730552756e-01
8.578781497392828914e-01
8.100095636719691905e-01
1.092990797264891123e-01
4.613917999102060685e-01
6.054964334467294318e-01
1.018577242496097046e-01
7.856778438660949604e-03
9.506027214358757638e-01
4.329692132453653031e-01
7.694307169796543722e-02
4.308852378309060427e-01
4.293703896974705447e-01
4.568407075137874696e-01
8.647596321915708151e-01
3.282382314999421347e-02
1.005390280361289079e-01
8.663546149006698949e-01
9.427427132979403490e-01
6.943134784877185162e-01
5.714473672634015067e-01
1.893783991395803223e-02
6.438036899751971021e-01
8.595624350644724965e-01
9.488474234855923672e-01
1.501929279419977892e-01
9.375088371876288962e-01
2.246145259482145162e-01
3.174453430821607691e-01
3.317497087410347101e-01
7.986170650291288808e-01
9.259394884948771720e-01
2.895402562789415324e-01
5.434964048991137719e-01
6.049361503504009363e-01
1.701050946687520105e-01
8.530102675497648335e-01
8.137928874298087090e-01
2.035493621456182511e-01
3.201091800811881605e-01
7.094056346851418393e-02
3.219573141856246767e-02
2.614436745055798150e-01
5.186705356179905912e-01
7.948897473808739234e-01
3.540104146928432227e-01
2.112402081192205072e-01
7.882019691257291516e-02
2.512289295051262084e-02
8.047145526424246409e-01
1.203876845924558570e-01
8.164112911265966055e-01
7.972492789148667436e-01
2.578896327839897973e-01
6.498204237437191777e-01
4.864400709306588855e-01
2.780718581537264811e-01
5.210542909786601840e-01
5.837771277359318223e-01
5.234134042216250782e-01
1.314596409377155606e-01
3.389834974658171296e-01
7.962542387326403404e-01
6.081213229230891804e-01
7.820492549727778853e-01
7.069165797945082819e-01
1.310879071123600692e-01
2.141900767487078250e-01
4.698286195189854686e-01
9.940978329168531635e-01
8.100606388961630877e-01
7.153361890725937755e-01
3.547715542525237131e-01
1.613561835438059866e-01
3.573661567930406235e-01
2.574095933640739853e-01
2.314386579295317770e-01
2.864388300641428353e-01
3.181899427441530204e-01
3.378881959012106639e-01
4.108195064785096218e-01
7.819373200825616710e-01
4.145631402815519451e-01
1.529747745031750927e-01
4.621447519351151723e-02
2.917657804445604741e-01
8.255299656006690467e-01
9.577623583895189530e-01
5.270755101398546527e-01
2.331756230332120428e-01
9.924039444230517981e-01
2.683907013033227651e-01
8.317767899173559298e-01
3.099008654354626913e-01
5.941747818989884244e-02
8.857971712097050254e-01
8.547017837505205273e-01
9.175327636145753640e-01
2.710436963872094873e-01
6.649310475776095686e-01
9.549322288364209266e-01
6.571641464684165879e-01
1.718482606116632505e-01
4.186558245233075182e-01
7.917832776460853594e-01
5.978288974328171967e-02
3.719332557685927076e-01
6.850202862246319579e-01
9.209624579653460374e-01
3.626356747174523942e-01
6.687660601039775443e-01
9.669236724734714405e-01
7.785012969363370727e-01
9.258702259895742470e-01
3.610545413015808780e-02
4.916980579644703031e-02
6.642038959833346246e-01
3.855413738208475216e-01
2.631303317240114570e-01
3.623319066039039082e-01
1.906511414764044954e-01
5.406414852103104129e-01
4.862171497937849418e-01
1.957693804781863722e-01
1.934150450835828705e-01
3.313887071970054166e-01
9.250615387433800407e-01
2.843078499851272589e-01
7.661165047880833523e-01
8.433185192081421588e-01
9.166933631455493892e-01
1.254346665181138576e-01
8.650128154791869584e-02
2.818287382154375242e-01
8.762241044218449515e-01
5.173000753094536552e-02
4.295041209660178660e-01
2.369740240779940610e-01
9.718608685465701669e-02
8.929336459985705021e-01
4.373529299176982521e-01
3.637994300744682441e-01
4.987669468570612441e-01
3.072758563684893085e-01
9.093511948787632582e-01
3.962314440530679827e-01
6.661502157061705010e-02
6.937600728423519714e-01
8.249941613509764737e-01
3.483346401544903381e-01
1.657862385914161685e-01
2.165450280916210168e-01
7.945645821662703501e-01
9.006055023468075849e-01
3.588983286043023746e-01
5.733769401788402220e-01
4.795654413412072659e-01
4.948781808551353523e-01
8.103614507632096453e-01
1.624860114388183563e-01
5.416325546847697847e-01
8.182118165646344865e-01
6.484102129003556092e-01
9.190663133973780985e-01
3.817932106492502031e-01
3.959236961545813394e-01
3.674448391176586837e-01
4.930932966220384905e-01
8.007567961766905995e-01
6.703955075590128931e-02
4.640595574508756815e-01
1.046698630965577914e-01
1.519526281408642987e-01
4.770271470979218220e-01
1.465746750712927371e-01
7.268234812325300442e-01
6.238075818877105716e-01
4.662457576677913051e-01
3.271759218948987469e-01
9.732416788591830015e-01
5.294457885510401862e-01
8.018509027326614635e-01
7.370203943376024691e-01
5.367838193405568559e-01
7.230397289345483758e-01
9.016228970704212031e-01
7.469081937449144615e-01
2.006117951933471533e-01
2.780544826571300643e-01
8.477388211373407811e-01
3.144159407574943499e-01
7.962154950477137172e-01
3.017426994139148499e-01
9.660511040658857906e-01
2.555504238991167520e-01
8.446740866133281012e-01
6.755150694541992573e-01
7.685471633387946921e-01
7.334169402583821107e-01
5.387938249014413428e-01
8.309260520515016069e-02
6.171714957150589154e-01
9.860810705771291262e-01
5.223481568383414597e-02
3.188950629931027736e-01
1.395563603707246081e-01
6.302167778462476333e-01
4.281589332510417067e-01
5.004497997244262697e-01
5.132327796939806230e-01
7.529107196744976305e-01
1.540256721247131866e-01
4.288807699889531921e-01
1.249553840454042941e-01
3.245969550577898488e-01
5.580512568318259925e-01
5.738652679192373096e-01
3.463120904799443789e-02
4.676144708254736937e-02
6.750713427706623859e-01
9.490522860400067984e-01
9.173240329713233665e-01
9.734937970797939988e-01
7.764838856554989732e-02
8.680356851258641537e-02
5.910096938787579024e-01
4.677289564014777135e-01
7.097997440934998847e-01
7.627090604904848137e-01
4.630372836223483057e-01
2.311614753813483469e-01
7.044302081983675468e-01
4.903911678230278293e-01
2.442693800912517643e-01
3.844904221810396816e-02
8.321598455123734306e-01
5.611661289849234624e-02
4.501580961603568465e-01
1.946965448261233078e-01
7.790968827474991087e-01
9.338169374093883146e-01
9.601438568466996726e-01
1.736675210794943469e-01
8.798248217612978372e-01
2.397232580180069794e-01
1.298543339448162692e-01
8.131323510983323732e-01
2.439048684120986854e-01
5.857711211692302467e-01
5.252650000104875927e-01
4.008725100431739241e-01
5.141465414343159290e-01
3.705438817066712964e-01
3.664866204857811782e-01
6.146959331365772217e-01
2.628179552913441075e-01
7.800158749209383791e-01
6.970672131709085839e-01
9.099540044767290281e-01
3.208989297631070770e-01
5.103998698057808925e-01
9.555565095697667877e-01
7.209024807250071776e-01
9.148183712276296564e-01
4.278962756278080759e-01
7.236514099256966537e-01
4.679064505530812212e-01
1.210102194477568061e-01
2.281589243209258822e-01
4.815560426256882964e-01
8.536826014066802859e-01
8.454194335799061211e-01
9.203272278743928059e-01
4.485271421449513740e-01
9.820582190410496182e-01
7.363361286850658161e-01
9.172170616172659052e-01
5.891854836464858192e-01
9.318389286530498472e-01
1.434811262540178767e-01
1.927742695387513194e-01
5.419486183612057806e-01
9.109959356157961707e-01
4.699322223490255412e-01
8.192579131401658277e-01
1.252237999098794186e-01
5.555369985121301202e-01
9.906325979887039557e-01
6.797269246672189569e-01
4.605118495494484598e-01
4.896616891940993588e-01
2.326562402880039127e-01
4.445353776990046413e-02
6.196465904591182960e-01
8.511978844263921040e-01
5.891959982425054587e-01
5.225290203828876212e-01
8.171964275569029157e-01
7.650055570270745120e-01
6.141622466005033365e-01
5.825163585396270216e-01
5.070625112150424219e-01
1.090381205510569940e-01
1.773491324188826157e-01
6.596210092315727413e-01
2.931130162725409383e-01
2.019599475201626637e-01
7.451105890625157047e-01
3.383006078889322366e-01
3.346442986931628116e-01
8.613760090231699085e-01
7.488530622541466064e-01
4.582507856099344856e-01
3.283155994567144020e-01
7.705381972546688774e-01
9.749182582388618012e-01
6.856580130770929538e-01
4.989687747752968860e-02
2.501070904551764285e-01
4.835456568237967989e-01
5.827778204719886723e-01
9.334951525580449383e-01
9.319552397941555100e-01
1.366775947354170739e-01
6.355877923331421098e-02
9.689476951203425115e-01
1.571105659404913313e-01
4.917033144811844281e-02
3.866471415837411385e-01
2.617386673850734535e-01
5.685886185818166405e-01
3.343767795020942124e-01
9.875904405198077107e-01
5.734638200498163307e-01
3.198160962840677080e-01
1.678458246264884490e-01
2.857060785939539160e-01
6.235419355816261833e-01
1.771763982906818802e-01
9.745405008020061599e-01
6.094234603452585164e-01
9.008256981974287481e-01
3.057814848708618749e-01
2.251588259322581109e-01
5.224793016945071811e-01
1.460925132786152769e-01
9.239257608023722090e-01
6.647933466841104977e-02
8.837257924324565250e-01
3.827123349052835577e-01
4.116086301961825455e-01
2.093383650120078654e-01
9.240819647791562730e-01
7.625820173501891563e-01
9.509860819584696756e-01
8.322589077115960521e-01
4.430665892148688556e-02
9.318891367723678432e-01
3.939675008174484683e-01
7.244335027191753928e-01
1.079113634855763948e-01
1.676196638603333344e-01
8.464370077708972540e-01
3.130654283081528710e-01
2.608574773675692571e-01
5.907094879314951363e-01
1.683149659100793283e-01
3.803815936232406436e-01
1.147265414594444977e-02
4.387623311742223642e-01
5.505934976737880682e-02
6.623149641509828989e-02
8.460713266844875902e-01
7.320434888861915290e-01
3.572812666241519386e-01
7.656908377904966256e-01
6.445662738994777374e-01
3.360879340536727655e-01
2.647437317749199437e-01
4.784017248676737388e-01
5.170860348425168063e-01
9.445229263771975914e-01
2.622696368011425694e-01
4.441128967589241805e-01
3.572516707867587904e-01
6.250183375400262253e-01
2.694660686042158471e-01
3.806127715335931860e-01
