2.614173501002570177e-02
4.759716935340607691e-03
6.047614434925684401e-01
2.663048251199858774e-01
5.635814071804685632e-01
3.768959686432791223e-01
7.334481695226775511e-01
8.439740219954258160e-01
8.596348168945056045e-02
2.280610961378399804e-01
7.970921051541617341e-01
4.694177040157843095e-02
8.774365623495576916e-01
7.668130474086766180e-01
1.912462902726538294e-01
8.989005084522223576e-01
8.734399620978868795e-01
4.127254290435081741e-01
1.394685444149070808e-01
5.374835270248051744e-01
5.561346212775563069e-01
2.780822979461650135e-01
1.125051253390048078e-01
5.667049142984952326e-01
2.442187633762650245e-01
3.093732415516292633e-01
6.473271666772009159e-01
3.744873162812230039e-01
6.073702219965257942e-01
2.137664456618252329e-01
6.558002393933286545e-01
3.527581160183449471e-01
9.786461303477078655e-01
9.983494742902314645e-01
4.242903111644255043e-01
5.263107684512241535e-01
8.318953008338857424e-01
5.899001821874960694e-01
2.005583278430350669e-01
5.967406457639413686e-01
7.376829974693973613e-01
3.649644335873979406e-01
2.042658064278186636e-01
2.230490703296585941e-01
2.980582550331064562e-01
2.894307459606222377e-01
4.100683522357440047e-02
1.312850897465341893e-01
7.816917412937950393e-01
5.339304802213616918e-01
7.837215008837945529e-01
4.866937067588870125e-01
1.287487354346525947e-01
8.805803311481686935e-01
7.622677612869332986e-01
8.436215121171986020e-03
2.420839755030439466e-01
9.650014505238700968e-01
9.284670542894996048e-01
5.855852968406577430e-01
2.570725995355238602e-01
6.701442154602114121e-01
7.390881557299378013e-02
8.546307029350430629e-01
1.548100949296017381e-01
2.359350503113153419e-01
5.113263437073384265e-01
6.663269024541583763e-01
6.408951513818851309e-01
1.759872336686869598e-01
3.875690881347970684e-02
7.517753561604660906e-01
7.244703274920425429e-01
5.183440164590715771e-01
5.422576204085828300e-01
1.561564461143614135e-01
5.748644309291113252e-01
3.389195409477691046e-01
6.867513893837668970e-01
7.774131239367390034e-01
4.148212841334177892e-01
9.196263500037515914e-02
2.732139819146855997e-01
7.099826580597604631e-01
9.002228576695617823e-01
9.214982539181835186e-01
8.266403291932774566e-01
7.033443548888459462e-01
3.665759446322258697e-02
7.628332873303778072e-03
9.447163792156418882e-01
1.763214001199072678e-01
6.388413081671346916e-01
3.341857453276398937e-01
5.938724226838620890e-02
8.134327428485885747e-01
3.727895718533269509e-03
5.512265512762694053e-01
4.046469473521054905e-01
8.146381230468351387e-01
9.433755589826220422e-02
2.467073192239856994e-01
8.920410586335264513e-01
2.146108333803961044e-01
6.358795360201140445e-01
8.747703091195179192e-01
6.580479414045770081e-01
2.297725168826647568e-03
4.330563870933604731e-01
3.107971422187119082e-01
4.548510053270619080e-01
8.001457216229667102e-01
1.101141052792509178e-01
4.755097779933100677e-01
2.570950204369812919e-01
6.996880697252773063e-01
8.658403738252359316e-01
3.018267802295242497e-01
7.270258039633823444e-01
7.287070953130135864e-01
6.055753196525153204e-01
8.795663192292079158e-01
6.010323206481847924e-01
4.705032655026886168e-02
2.754815217417203588e-01
7.985393936057163522e-01
6.961654127587217911e-01
5.384937570259558104e-01
5.906664083166353052e-01
6.158769233258847287e-01
6.890926840491915506e-01
7.823224971903641745e-01
1.925692791211124355e-01
6.395859036422362198e-01
5.672911155998261457e-02
6.052146430547040712e-01
8.639773847275858953e-01
1.390269472412385410e-01
5.106914878169673822e-01
1.467717098152158117e-01
7.741036983716353959e-02
1.033773419505125135e-01
7.928196765214668984e-01
3.997219389988204696e-01
6.289983827733507393e-01
7.459564545226502474e-01
8.450461961599625704e-01
6.555406238945421515e-01
2.639486636205535808e-01
4.821592414279644023e-01
1.568579150416055112e-01
9.222208165978499350e-01
6.012791617416725076e-01
9.376741636204868335e-01
3.074999731461233177e-01
6.551692039910260723e-01
7.237671444489977013e-01
4.369127728341901662e-01
1.446766803802217449e-01
8.205639867127082487e-01
2.669397074981544327e-01
9.460804727575540252e-01
6.662778902813811799e-01
3.116366994875576779e-01
6.881986924115934823e-01
5.690247677733075715e-01
2.756221226885728903e-01
5.254196271774315141e-01
1.532452772647584505e-01
1.344915364676246838e-02
6.132955076398514116e-01
9.099034777967935916e-01
7.291307007963035991e-01
1.693825419823313805e-01
9.218380835801687212e-01
6.020990286465749408e-01
8.490063881167408955e-02
1.340071916482514780e-01
4.439151589855737656e-01
1.877234492383661468e-01
7.739527926023237470e-02
5.009320719573464586e-01
8.592320850501408147e-01
1.509420305234107085e-01
9.623338818082927126e-01
3.011591353364829748e-01
3.582167448420409128e-01
8.127475159557268070e-01
5.903454256408147138e-02
9.015703711479742255e-01
6.122111626752990698e-02
2.014893826595846038e-01
4.809515823452498173e-01
8.216058010233073805e-02
8.939935369195561865e-02
6.369720862661883976e-01
2.070234473472114534e-01
1.937126353489426744e-02
7.849244528590892944e-01
6.960206821081295070e-01
3.588929201804825775e-01
1.216411471696915436e-01
2.508995963749999225e-01
5.425873558970515376e-01
6.983476910635124657e-01
9.832792846833233735e-01
2.908741120140779790e-01
3.606284931476975153e-01
4.967281798495992717e-01
1.555194003204043440e-01
4.136851835965683621e-01
2.841893546415885652e-02
9.266752338791806043e-01
1.972574490866364494e-01
7.000968590748531950e-01
1.521983703774244523e-01
2.155279429764656030e-02
9.875797905991762216e-01
4.152768177030022878e-01
8.676006123141160042e-01
4.427195990328072206e-01
6.277810257696112561e-01
4.836720519323071121e-01
7.089357302301235730e-02
8.212119618331851223e-01
5.616875336206332836e-01
3.716024459630945520e-01
1.703807919422628547e-02
3.811130945446136176e-01
8.920934869145982216e-01
2.773580240528299434e-01
3.860518754138037023e-01
8.306008053606614983e-01
3.655638832284324735e-02
9.522408514810195568e-01
1.660598136149530335e-01
6.111167898515911245e-01
5.237864340526047213e-01
6.308233814747654655e-03
4.714223805696540204e-01
6.575826304964479396e-01
6.411151701647289647e-01
7.960014756999592711e-01
4.460516195661575756e-01
2.938941310234001181e-01
4.945171407856904233e-01
1.692763179556233677e-02
2.444236264111631085e-01
2.273216992084129418e-01
5.707075549539832870e-01
2.081447754622095525e-01
4.477346648987731159e-01
2.692840356289664117e-01
7.124453100594008159e-01
1.639512869409176510e-02
2.322881435631726221e-01
8.950733211910361087e-01
1.523725481881003097e-01
8.788216537193449529e-02
8.295950578869809577e-01
6.037907742197086147e-01
4.367810960889944027e-01
1.680926289764735904e-01
1.912390511527797266e-01
2.186907863133686902e-01
2.365267660882311995e-01
8.202839440835421048e-01
5.791736390313282357e-01
4.394562307805340851e-01
2.390492283595143652e-01
8.802277666415231350e-01
6.258826770814129858e-03
6.494790622238006961e-01
4.253685873231809467e-01
1.348146387470124941e-01
9.031766406131620517e-01
5.323633099750003650e-01
4.650269596264696714e-01
4.208173360362965632e-02
4.826614607414381197e-02
1.180677868770962924e-01
2.593229124555912479e-01
8.324841824262787515e-01
3.329680861240070788e-01
9.283689496380397310e-01
5.576944634174452187e-02
4.809706436598202295e-01
9.125028157508775495e-01
3.561881731894350755e-01
1.936021967143787270e-01
6.845737380428712493e-01
1.599159627636992376e-02
5.160485183539965659e-01
7.780083959664008120e-03
9.480333012694919237e-02
5.796991703215660374e-01
8.477095213545272623e-01
6.148579308508477226e-01
3.887148627331767914e-01
3.977440916764344303e-01
5.250634406726031322e-01
3.983634826310573640e-01
2.685000729415860654e-01
6.613640461547596328e-01
3.018248500011183610e-01
6.421227447594576310e-01
3.818805631787247634e-01
4.377692433784874382e-02
6.629141332694193922e-01
3.344266002474913790e-01
6.882599110007199261e-01
4.155119786284543482e-01
1.375813744219308576e-01
8.609301931521543549e-01
6.268437704824916246e-01
6.925695418507021861e-01
4.611002440506934974e-01
3.017965383437891669e-01
5.110401520288943011e-01
7.003723270268583656e-01
6.447728371350847087e-01
2.970728627975471881e-01
3.214698908498659913e-01
4.673967438989817813e-01
7.914671324274258346e-01
4.067710539723469187e-01
7.004196321414248860e-01
5.090763617346528713e-01
1.032749433832008679e-01
6.498123221249237913e-01
4.318494234610537053e-02
2.586030045429511537e-01
8.324724810329792168e-01
6.224170000428759231e-01
6.900605637124788139e-01
5.878709783768754082e-02
9.606622421039626714e-01
7.760861616122044504e-01
4.712920561615479009e-01
4.046773276591340007e-01
1.301118901482148926e-01
5.272311856073842451e-01
8.077285083110620212e-01
6.948383369215374028e-01
6.860232102320522607e-01
6.581721032399687754e-01
1.440899933275995304e-01
8.812087309020961712e-01
3.641795965061637164e-01
6.358833634328509010e-01
4.022232134484656774e-01
2.814744622805477325e-01
2.493859518301914102e-01
8.745803598261396861e-01
8.561059288491366104e-01
1.072162514590330185e-01
9.703006319575059324e-01
1.053078584901784298e-01
5.844181920686346565e-01
9.700387785161115328e-01
2.772001632138781924e-01
4.699644086251598685e-01
3.602128475023658183e-01
1.959459898151288959e-01
3.553419305838239062e-01
2.800264540838182103e-02
6.494585909423806758e-01
8.316846568719666877e-01
6.399335778464700919e-01
4.873362666596492421e-01
8.238422787043963025e-01
7.561870647125804590e-01
4.334858738425358959e-01
7.968537667538642122e-01
7.361055889597538648e-01
2.012001795824766015e-01
2.188579978345760457e-01
5.147699413955798553e-01
3.779868344037252692e-01
1.914967031785543838e-01
8.031569797810939049e-01
8.688119774825876496e-01
1.165046569572953938e-01
7.805823596056760127e-02
7.682234043220300679e-01
3.856655177742746021e-01
9.190811902761443219e-01
1.050128414588171744e-01
4.738947563568688404e-01
3.381090107701667513e-02
9.771660816533630500e-01
8.852187997066408576e-01
2.597087786775957863e-01
8.583040913865603860e-01
5.527025068739734870e-01
3.491022781966841571e-01
5.412497079282421186e-01
5.649097315298996502e-01
8.135949288626291853e-01
5.465632189318497813e-01
1.345006202348312252e-01
4.551504312913370320e-01
1.381354896763081763e-01
8.458904082446822015e-01
6.497601905888296114e-01
4.182534175285672617e-01
5.052500139139824986e-01
4.188290117732040851e-02
5.488848525888139207e-01
7.192003347525079970e-01
7.217933388040045362e-01
1.502058647704426209e-01
9.196865934624320893e-03
8.142855441053451493e-01
5.566534074339147820e-01
2.831367510212993155e-01
6.222140710373442740e-01
2.439129417987654369e-01
8.374388314405256661e-01
3.771330151227979544e-01
1.544546179992836166e-01
2.221364763449610313e-01
1.005930162066461797e-01
7.748570574759282570e-01
5.270048168199220617e-01
5.870151941204797552e-01
4.392350242854037301e-01
8.465860690387586596e-01
9.573203229035376349e-01
7.702272406117403047e-01
9.953180757598699691e-01
4.840531850049433205e-01
4.626002485265600095e-01
2.002542468800595499e-01
7.132978635496264319e-01
5.108387302305698041e-01
2.184755547174027646e-01
2.914814621816466111e-01
3.679902054621551066e-01
1.307308755201170847e-01
3.810689760245592472e-01
5.912543191150106958e-01
1.143156942576448731e-01
3.276928175905556850e-01
7.717106993517052205e-01
4.868853136720785457e-01
7.744059966205256718e-01
5.588911930900578584e-01
8.849863575060787912e-01
7.585160729699056414e-01
2.709287127192245848e-01
9.708595870812568585e-01
5.921758540373536217e-01
4.012833879018259386e-01
9.163446820218098532e-01
9.524507695499340176e-01
6.537690454236816384e-01
1.497174420872607881e-01
8.165853435851313513e-01
5.761027848104245397e-01
7.574746761896722358e-01
7.336806504329701495e-01
9.153308398892845421e-01
7.547210580484630116e-01
7.581844617291590982e-01
3.579331474242957167e-01
3.393179130526774445e-01
9.486337270945093270e-01
1.440562679777541710e-01
6.154542060970984441e-01
3.456701574061485926e-01
5.400933189504615317e-01
9.108971821375159150e-01
2.112345808059233887e-01
6.685047620509871891e-01
6.572341927200175959e-01
9.626375646333856784e-01
6.883868781048710916e-01
7.297461260056310461e-01
5.170593362439124263e-02
