1.544892811410026878e-01
3.435658912148183974e-01
3.843454219269606398e-01
2.424218444086290170e-02
9.123152217760467364e-01
6.032588198619037723e-02
5.583860098179571629e-03
6.915908662358909442e-01
8.753765839659363168e-01
9.719438647237160778e-01
1.245693813389543436e-01
2.616736684308728078e-01
8.606474681705122975e-02
8.461500513505905152e-01
4.310828959765264923e-01
4.455346134345786746e-01
7.519131739858739838e-01
7.658198750391203014e-01
4.867229872011825664e-01
3.973503607821007311e-01
6.411436714084643995e-01
1.066176321311440578e-01
5.437629953023710438e-01
3.372855712590859811e-01
1.874070852661676723e-01
8.496152499022650018e-01
1.933705715491957911e-01
8.654414971081719754e-01
8.833914401720052156e-01
7.839857811528423426e-01
7.335896478596790615e-01
9.379535597037302885e-03
3.611310248210953810e-01
2.315994494430804185e-01
6.035966887896231370e-01
4.861725553462588056e-01
1.502353347494495006e-01
4.893002096835550319e-01
3.335690391150064604e-01
2.119116705630404995e-01
8.115856125000466825e-01
3.747188305674895581e-01
8.884196399378254672e-01
2.247185963385280871e-01
9.865535569275617478e-01
1.821399497137928813e-01
5.165647506611735773e-01
2.495598740514367586e-01
6.246332605717300757e-01
6.867433944249058397e-01
7.267744054342066828e-01
9.710060707883660935e-01
9.264905472749084270e-01
9.499071301490502606e-01
5.267375089218137019e-01
2.029171309745522178e-01
9.894785401504475608e-01
3.774111137240764302e-01
6.345010479481505428e-01
2.221571718379429239e-01
9.688806353773021796e-01
1.563425163095030213e-01
7.870425657826346511e-01
1.630376257919692318e-01
3.328122943468150297e-01
7.667761067445518774e-01
3.104593679887658331e-01
7.325177754622631543e-01
5.220281082710039877e-01
4.220315567246919475e-01
1.631100665651674664e-02
5.633072581678523205e-01
1.590129518173780676e-01
7.119067985498729323e-01
2.449372761137240673e-01
7.580669251815240761e-01
7.769487799852033971e-01
6.327794694542219212e-01
8.585823693603751305e-01
9.756782082904974507e-01
8.644445828310757252e-01
2.702104776697527022e-01
2.076317464046316674e-01
7.381537182629769323e-01
5.361263865619012581e-01
6.397393263578055045e-01
5.229859302527695153e-01
5.378809941330995326e-01
6.377717327131442460e-01
4.755437669161372005e-01
5.978754954641312125e-01
6.176742092841636111e-01
6.057958871055071359e-01
5.989336483466866090e-01
2.719037959563695983e-01
3.236057518319406245e-01
4.233616884953071979e-01
4.533958307283195710e-01
1.745618771932136992e-01
9.184651832270539495e-01
4.080468948506528193e-01
5.492752022857350092e-02
9.893026972846735712e-01
1.987247952005600782e-01
4.126491883084167922e-01
1.372947800749081404e-01
4.426011862191828738e-01
2.955934514827222026e-01
3.064594132328348763e-01
9.581969358138101578e-01
6.284891327087093194e-01
8.774327073806732491e-01
9.351750841158084082e-01
8.076928567800715220e-01
8.376663322871461537e-01
8.507254790808554956e-01
9.331068696467380574e-01
1.130646821962588700e-02
8.094949676809007899e-01
8.805302129129743971e-01
7.740310875825556769e-01
7.809103445162909329e-01
7.173190145779959614e-01
8.690136379787805065e-02
1.541483085412044263e-01
2.301714165314922012e-01
3.438772584049307746e-01
3.268673639537208464e-01
1.514401603118995521e-01
8.471428035265803347e-01
2.666025117569303937e-01
3.951404302693325432e-01
6.835767885414569811e-01
5.597384140384694673e-01
4.557152226020548813e-01
9.270466314477472380e-01
3.287003449001768551e-02
6.645699342969845214e-01
9.409810163185929888e-01
6.283356566554804123e-01
7.856756200374274135e-01
4.557643284098900072e-02
4.727994622112360323e-01
5.922673871579565708e-01
3.483837893600374436e-01
5.738523976942709881e-01
1.049510923163280429e-01
3.989646137532342207e-01
7.140358987453252482e-01
9.254452128211236861e-01
5.394572132810327991e-01
9.411113714518581919e-02
4.744583537179464239e-01
1.251896883857483989e-02
8.135785747867592121e-01
5.277274468627076720e-01
5.634672896972340306e-01
1.342730476197285805e-01
9.164914580249603482e-01
1.330810338024568384e-01
9.472586565641202272e-01
1.417117551778004358e-01
3.752386573595319907e-01
8.063413284991092222e-01
2.545226509602953602e-01
9.393848858934737978e-01
4.527211376250294128e-01
3.850970100375147309e-01
4.368054438823111285e-01
2.145761651249381563e-01
5.553409987574423612e-01
1.148438817168040416e-02
3.649283911526957080e-02
7.012001470500135447e-01
1.933261219148401100e-01
4.478003651754893788e-01
3.822668126888377760e-01
6.280668772473068096e-01
1.878497655611007788e-01
4.430901037477604776e-01
1.500549392876460164e-02
6.533622479653483639e-01
4.799696301002185361e-01
7.248714149317936339e-02
7.791196217730804729e-01
2.313297623440181416e-01
1.818512398296134869e-02
4.139861934785008524e-01
6.894596612915907530e-01
7.611974343996980030e-01
3.161139748133054983e-01
4.477601123639438629e-01
6.342154559486881116e-01
8.266218551251752755e-01
6.950070714113455450e-01
3.686085517871584560e-01
9.467211307170878554e-01
8.989375427925747619e-01
8.109639931636535293e-01
1.213333289917690738e-01
1.512612584565057317e-01
2.396310874111061695e-01
5.707402709696018928e-01
5.570546347894878014e-01
5.643140729671631828e-01
7.927963371640809331e-01
7.539122396743326293e-01
9.122592639758337896e-01
1.724067695628752617e-01
6.113023218752329235e-01
6.351833413470346912e-01
5.602934283857603504e-01
5.599944161374043050e-01
7.183229522117273724e-02
8.958699814749252477e-01
6.783997141246048690e-01
6.083367088643399923e-01
8.004262401655050096e-01
4.243526649293598574e-01
8.528343907120264911e-01
3.022210525387308833e-01
7.860144044220618298e-01
5.723592771511840649e-01
9.594560961451893411e-01
6.301989591414225433e-01
7.486112013576730062e-01
5.496200480217618978e-01
3.189539666252436678e-01
6.679866681951195373e-01
3.662762193715706216e-01
9.331888049627302673e-01
8.149513682431615003e-01
1.932410182514358032e-01
1.288032757099710768e-01
2.117239474699730284e-01
2.809523023990075918e-01
6.546395996420828478e-02
7.643107391339274415e-01
1.459357176365753128e-01
1.375844021938262829e-01

1.544892811410026878e-01
3.435658912148183974e-01
3.843454219269606398e-01
2.424218444086290170e-02
9.123152217760467364e-01
6.032588198619037723e-02
5.583860098179571629e-03
6.915908662358909442e-01
8.753765839659363168e-01
9.719438647237160778e-01
1.245693813389543436e-01
2.616736684308728078e-01
8.606474681705122975e-02
8.461500513505905152e-01
4.310828959765264923e-01
4.455346134345786746e-01
7.519131739858739838e-01
7.658198750391203014e-01
4.867229872011825664e-01
3.973503607821007311e-01
6.411436714084643995e-01
1.066176321311440578e-01
5.437629953023710438e-01
3.372855712590859811e-01
1.874070852661676723e-01
8.496152499022650018e-01
1.933705715491957911e-01
8.654414971081719754e-01
8.833914401720052156e-01
7.839857811528423426e-01
7.335896478596790615e-01
9.379535597037302885e-03
3.611310248210953810e-01
2.315994494430804185e-01
6.035966887896231370e-01
4.861725553462588056e-01
1.502353347494495006e-01
4.893002096835550319e-01
3.335690391150064604e-01
2.119116705630404995e-01
8.115856125000466825e-01
3.747188305674895581e-01
8.884196399378254672e-01
2.247185963385280871e-01
9.865535569275617478e-01
1.821399497137928813e-01
5.165647506611735773e-01
2.495598740514367586e-01
6.246332605717300757e-01
6.867433944249058397e-01
7.267744054342066828e-01
9.710060707883660935e-01
9.264905472749084270e-01
9.499071301490502606e-01
5.267375089218137019e-01
2.029171309745522178e-01
9.894785401504475608e-01
3.774111137240764302e-01
6.345010479481505428e-01
2.221571718379429239e-01
9.688806353773021796e-01
1.563425163095030213e-01
7.870425657826346511e-01
1.630376257919692318e-01
3.328122943468150297e-01
7.667761067445518774e-01
3.104593679887658331e-01
7.325177754622631543e-01
5.220281082710039877e-01
4.220315567246919475e-01
1.631100665651674664e-02
5.633072581678523205e-01
1.590129518173780676e-01
7.119067985498729323e-01
2.449372761137240673e-01
7.580669251815240761e-01
7.769487799852033971e-01
6.327794694542219212e-01
8.585823693603751305e-01
9.756782082904974507e-01
8.644445828310757252e-01
2.702104776697527022e-01
2.076317464046316674e-01
7.381537182629769323e-01
5.361263865619012581e-01
6.397393263578055045e-01
5.229859302527695153e-01
5.378809941330995326e-01
6.377717327131442460e-01
4.755437669161372005e-01
5.978754954641312125e-01
6.176742092841636111e-01
6.057958871055071359e-01
5.989336483466866090e-01
2.719037959563695983e-01
3.236057518319406245e-01
4.233616884953071979e-01
4.533958307283195710e-01
1.745618771932136992e-01
9.184651832270539495e-01
4.080468948506528193e-01
5.492752022857350092e-02
9.893026972846735712e-01
1.987247952005600782e-01
4.126491883084167922e-01
1.372947800749081404e-01
4.426011862191828738e-01
2.955934514827222026e-01
3.064594132328348763e-01
9.581969358138101578e-01
6.284891327087093194e-01
8.774327073806732491e-01
9.351750841158084082e-01
8.076928567800715220e-01
8.376663322871461537e-01
8.507254790808554956e-01
9.331068696467380574e-01
1.130646821962588700e-02
8.094949676809007899e-01
8.805302129129743971e-01
7.740310875825556769e-01
7.809103445162909329e-01
7.173190145779959614e-01
8.690136379787805065e-02
1.541483085412044263e-01
2.301714165314922012e-01
3.438772584049307746e-01
3.268673639537208464e-01
1.514401603118995521e-01
8.471428035265803347e-01
2.666025117569303937e-01
3.951404302693325432e-01
6.835767885414569811e-01
5.597384140384694673e-01
4.557152226020548813e-01
9.270466314477472380e-01
3.287003449001768551e-02
6.645699342969845214e-01
9.409810163185929888e-01
6.283356566554804123e-01
7.856756200374274135e-01
4.557643284098900072e-02
4.727994622112360323e-01
5.922673871579565708e-01
3.483837893600374436e-01
5.738523976942709881e-01
1.049510923163280429e-01
3.989646137532342207e-01
7.140358987453252482e-01
9.254452128211236861e-01
5.394572132810327991e-01
9.411113714518581919e-02
4.744583537179464239e-01
1.251896883857483989e-02
8.135785747867592121e-01
5.277274468627076720e-01
5.634672896972340306e-01
1.342730476197285805e-01
9.164914580249603482e-01
1.330810338024568384e-01
9.472586565641202272e-01
1.417117551778004358e-01
3.752386573595319907e-01
8.063413284991092222e-01
2.545226509602953602e-01
9.393848858934737978e-01
4.527211376250294128e-01
3.850970100375147309e-01
4.368054438823111285e-01
2.145761651249381563e-01
5.553409987574423612e-01
1.148438817168040416e-02
3.649283911526957080e-02
7.012001470500135447e-01
1.933261219148401100e-01
4.478003651754893788e-01
3.822668126888377760e-01
6.280668772473068096e-01
1.878497655611007788e-01
4.430901037477604776e-01
1.500549392876460164e-02
6.533622479653483639e-01
4.799696301002185361e-01
7.248714149317936339e-02
7.791196217730804729e-01
2.313297623440181416e-01
1.818512398296134869e-02
4.139861934785008524e-01
6.894596612915907530e-01
7.611974343996980030e-01
3.161139748133054983e-01
4.477601123639438629e-01
6.342154559486881116e-01
8.266218551251752755e-01
6.950070714113455450e-01
3.686085517871584560e-01
9.467211307170878554e-01
8.989375427925747619e-01
8.109639931636535293e-01
1.213333289917690738e-01
1.512612584565057317e-01
2.396310874111061695e-01
5.707402709696018928e-01
5.570546347894878014e-01
5.643140729671631828e-01
7.927963371640809331e-01
7.539122396743326293e-01
9.122592639758337896e-01
1.724067695628752617e-01
6.113023218752329235e-01
6.351833413470346912e-01
5.602934283857603504e-01
5.599944161374043050e-01
7.183229522117273724e-02
8.958699814749252477e-01
6.783997141246048690e-01
6.083367088643399923e-01
8.004262401655050096e-01
4.243526649293598574e-01
8.528343907120264911e-01
3.022210525387308833e-01
7.860144044220618298e-01
5.723592771511840649e-01
9.594560961451893411e-01
6.301989591414225433e-01
7.486112013576730062e-01
5.496200480217618978e-01
3.189539666252436678e-01
6.679866681951195373e-01
3.662762193715706216e-01
9.331888049627302673e-01
8.149513682431615003e-01
1.932410182514358032e-01
1.288032757099710768e-01
2.117239474699730284e-01
2.809523023990075918e-01
6.546395996420828478e-02
7.643107391339274415e-01
1.459357176365753128e-01
1.375844021938262829e-01
5.055469483702090816e-02
4.835366282365221036e-01
8.291085407528775431e-01
3.604931161026198039e-01
1.768860430820449192e-01
2.719285032641551858e-01
9.429811405241995681e-01
2.719182999254710076e-02
8.665096938100634860e-01
1.201908070962877106e-01
5.397962631415103019e-01
4.788062199617194592e-01
4.870053692835935033e-01
7.737819495728870400e-01
7.132436486359491346e-01
2.452263586352740887e-01
3.756402470059370113e-01
1.207567063472774205e-01
4.484290999068945016e-01
3.332306872997057301e-01
7.766588193198230572e-01
3.039918528464514713e-01
7.856546807756086270e-01
1.727653226051513169e-01
9.555217774405871944e-01
3.882325649648278310e-01
2.753552081010012254e-01
1.243550119620994154e-01
8.905780075925131545e-01
2.389579640969197172e-03
7.199642899787552786e-01
3.226502155766836077e-01
1.954889698583780477e-01
7.432457149742781599e-01
7.930140181002939270e-01
1.862533821204650497e-01
5.285659419105569468e-01
6.985726411334708397e-01
3.261706039394605128e-01
6.543962824610498608e-01
6.113204708108102015e-01
4.312012388442255650e-01
3.816017195753997893e-01
4.139954689665831244e-01
2.956835048153810819e-01
7.756551901421416817e-01
5.778713682230925963e-01
2.169324014754425711e-02
4.597248743817663463e-01
2.758167139113221200e-02
2.919773655133812706e-01
6.086163271317013290e-02
1.358270340403449072e-01
6.978548637938455368e-01
6.557955259382733937e-01
9.812459410804554860e-01
3.078187109574930247e-01
1.213314950077618581e-01
3.615259880868068043e-01
2.275843417744289887e-01
6.465377318904145243e-01
6.989194478395829302e-01
8.617258862775480921e-01
3.486601411151835084e-02
8.429441069868807146e-01
4.753689367648359365e-01
8.012064389273230169e-01
9.187839227211116455e-01
7.321652916546300682e-01
7.847962838253282891e-01
5.363219256018514347e-01
4.692508939428657877e-01
1.417204785804483391e-01
6.591506100945911939e-01
4.737131693598883864e-02
6.401405579721054506e-01
5.830441923164237927e-01
3.712211914185534756e-01
7.184683679506497223e-01
1.023672388219082352e-01
4.694317200307873694e-02
3.747025723958097299e-01
5.557555200007712193e-01
3.634737306801011369e-01
3.846750403714349620e-02
3.617103890756182549e-01
3.661206938461298854e-01
1.743015549233664085e-01
7.435889701331670487e-01
9.632000070119414170e-01
7.097140055615936971e-01
4.608912602170969208e-01
3.562867262528069956e-01
1.583034619615202310e-01
3.271592692260879565e-01
3.513737446336384629e-02
4.647956029630010422e-01
5.897970311146318867e-01
5.688263303349486710e-01
2.464872478564846814e-01
4.169562240079548454e-01
8.822293303311444790e-01
2.144245457360668405e-01
4.394834185226459411e-01
4.089516196430714734e-01
6.350366917542205059e-02
2.868827412972067004e-01
3.707871902657695617e-01
1.689588485239432725e-01
9.486284224476134730e-01
1.405301223234018959e-01
3.601321781107225117e-02
5.108336022165110846e-01
4.575005966439185112e-01
3.921424983566943467e-01
1.697756940887532595e-01
8.350456722141471610e-01
1.996992673575908039e-01
2.879328651226085167e-01
1.676524886819521498e-01
8.589078236459991578e-01
1.423273432764080582e-01
4.541052518853951891e-01
7.971050848992344839e-01
6.649770482420880313e-04
2.861904418473345535e-01
1.562118801728428208e-01
4.905873778967342336e-01
6.777279671821423435e-02
9.567230881714972046e-02
8.793394314672765555e-01
8.234754077583186227e-01
9.768721369509425489e-01
9.146161837356164837e-01
2.702277315306085281e-01
4.257374998494495300e-01
6.505072126336183258e-01
8.924633605029205219e-01
2.208513291975802151e-01
7.164105335260980700e-01
3.306683298633555923e-01
8.782912359123092871e-01
7.074059254178228784e-01
5.163107755195254223e-01
9.465299252072351122e-01
5.262021625974444561e-02
5.295168841032708018e-01
4.309014637474044562e-01
7.042343395014487584e-01
8.549225119703114384e-01
3.284582421263493313e-02
4.515725659830667205e-01
1.873971995757865994e-01
1.391227015515787979e-01
9.989237335813068164e-01
6.287378418353831711e-01
8.597876961709438604e-03
7.043331925790201620e-01
2.589367259150285872e-01
7.064603774177776740e-01
7.598566297991993235e-01
4.162169327747278214e-02
1.421267383047621902e-01
3.652410024674949129e-01
3.278754523206486304e-01
2.707437807512987904e-01
6.842613089367195478e-01
7.851142041281444772e-01
6.166678616490349762e-01
9.136543333008362300e-01
1.404560756409594102e-01
4.551651537239920220e-01
4.768392696125514085e-01
6.139866142167205165e-02
8.972498698099949932e-01
6.886955438423750797e-01
6.840624907400987276e-01
4.273520479341096356e-01
7.924876444899910943e-01
2.030659377820992484e-01
9.969179321528777171e-01
6.304764133320784891e-01
1.322201571010778176e-01
8.321382094652510775e-01
2.485962331456502694e-01
4.452100148602128327e-01
2.719974202495932802e-01
5.874213177116532902e-01
9.236396764101090229e-01
1.977596171716555773e-01
8.314082266099509511e-02
5.725889812536653078e-01
6.172870036360117441e-01
9.754531222265431234e-01
9.584903216639989454e-01
9.212022531581983698e-01
3.442253504500284444e-01
4.782622071370868921e-01
7.544103496111497220e-01
6.551885143306735992e-01
6.664449557649306799e-01
1.196684402115243406e-01
6.456954404638955980e-01
8.504350631863758503e-01
8.177882350614563700e-01
3.965977335953820848e-01
4.457813016816957186e-01
9.503931031672492313e-01
2.467714510938583405e-01
7.949289392607317151e-02
8.919327887701167246e-02
2.018780093201317793e-01
7.134170032948039530e-01
9.044578919154175889e-01
2.271451470201506506e-01
8.648255289164415993e-01
1.136640116604492601e-01
4.668799510522390062e-01
2.645177981673570988e-01
1.607874749464732744e-01
5.245417770040998739e-01
7.120735599312568720e-01
2.503472311812269258e-01
6.804210714720896336e-01
4.726415418091090004e-02
4.775412241837950766e-02
8.750915835842439927e-01
8.750915835842439927e-01
7.212395944194437414e-01
6.727798863648573047e-01
2.668940970668682855e-01
5.472244651118804981e-01
8.337666457262489228e-01
9.238461287745095563e-01
4.430236381022878422e-02
6.582733141938160726e-01
6.724511055520582259e-01
5.563723850380432046e-01
1.117535773968926227e-01
6.333481495012983631e-01
