8.528951632271665195e-01
5.884771869258798027e-01
1.405287368985164154e-01
1.546342881149167514e-01
9.428621085660653378e-01
9.366165606532583787e-01
6.129584758158724833e-01
9.406540384588246706e-02
9.793146408744057840e-02
2.322586564407467247e-01
3.310413233617324202e-01
7.173320746942792869e-01
8.871582638022837974e-01
6.486973623080890539e-01
4.920496599708865659e-01
6.696600375050825171e-01
3.623688034934183788e-01
3.850070228666114813e-01
1.651222826316957049e-01
2.039923165095511859e-01
5.601090917733890784e-01
8.914602821753099260e-01
2.425913800283228117e-01
9.406880692729731042e-01
6.263408491547742818e-01
5.492199853922528074e-01
8.624701559872036682e-01
8.912506977066352309e-01
5.831544984186387559e-02
6.670396512894685159e-01
7.777972527162008154e-01
8.614922503724260494e-01
5.960313514385235933e-01
9.985598855140078722e-01
8.240743435287963825e-01
1.403859789871028108e-01
2.245397264659392267e-01
5.488079449707000679e-01
1.127202996236423838e-01
8.493796618449943603e-01
8.792788546773950831e-01
5.061760679277523822e-01
2.614351752226402592e-01
1.867861893204700863e-01
8.650112579456532558e-01
3.091424564398947972e-02
2.271011734010608407e-01
9.083763186698690095e-02
6.388746137384463397e-01
9.646101440904232271e-01
5.910854175949641354e-01
3.007301407709537244e-01
1.182851513945756272e-01
5.999822546942167323e-01
3.127178540171920984e-01
8.194478047009126076e-01
8.981381909870307378e-01
3.821564666648635811e-02
2.930832467433178712e-01
5.209223834740263070e-01
9.766729081684311087e-01
5.762831266695311871e-02
3.863099762310892027e-01
7.987471577888805019e-02
8.536335155617204018e-01
1.550151204130486571e-01
5.303136139939892413e-01
3.596556546779330343e-01
7.983655524238573165e-01
1.781307563124785442e-01
5.475540641955904952e-01
1.535527590255366670e-01
3.958442763321166069e-01
7.864619805016974663e-01
9.624096665658118388e-01
8.332794769652748235e-01
6.463725912987045019e-01
5.334781053637049908e-01
9.450725535934135779e-01
4.000478741670377980e-01
9.856645977855211793e-01
8.103706407164337211e-01
1.197230624578531355e-01
7.201547143947284457e-02
6.450778633784949312e-01
7.812430298141045393e-01
9.360841168009924607e-01
2.082956555489849926e-01
6.430282326309777474e-02
5.353339811724724395e-01
1.069988705353716041e-01
9.503689017868383049e-01
9.717524131116979103e-01
3.798524702959190646e-01
4.425914108549366954e-01
2.164813655386627067e-01
2.608709215773064027e-02
5.115294678370815307e-01
2.622936623236290510e-01
2.890681388320076595e-01
6.603899126878632897e-01
3.446859611316299699e-01
3.815161653095655581e-02
4.939765296065457001e-02
7.255422617750006964e-02
8.156774219204704357e-01
5.070256480542497668e-01
9.599580164067708088e-01
8.940461649432943636e-01
8.951657002266106833e-01
9.341742468180852521e-01
5.898961135508767883e-01
8.694605531909971319e-01
5.409219835989541592e-01
3.555311179988388526e-01
8.469213563769613096e-01
3.341452758157560377e-01
5.871485764189885437e-01
2.857507914062142884e-01
8.000661848516953389e-01
2.360835828780353252e-01
2.391984743779985711e-01
1.187069597441430258e-01
7.584359310000592380e-01
4.542619191930800104e-01
5.415406147437359374e-01
7.951810112173274270e-03
1.628160671932588066e-01
2.177048809117502204e-01
4.056997654172488366e-01
6.070543471398047730e-01
3.299430741540088086e-01
6.513441819860666948e-01
9.053055135853490532e-01
7.230980235663242439e-02
9.734406768495502682e-01
9.178722322810679568e-01
1.609342367217556635e-01
5.706504974446169332e-02
1.061077514248299769e-01
2.814715891741221832e-01
6.851669668159897642e-01
3.221670594419163702e-01
2.867423350566444817e-03
6.646312867279521308e-01
5.495048889500512290e-01
9.176641543701431480e-01
2.240687774610721217e-01
6.795508290102684201e-01
3.782249693540576940e-01
9.940968977191535494e-01
9.253119296166164576e-01
6.636473175514906453e-01
4.141565952801632422e-01
6.035861129728304908e-01
9.877387066342857569e-02
2.164410251565211940e-01
4.101303682134038731e-01
8.530639301139091302e-01
6.006420317377377804e-01
7.267388143317454752e-01
2.920382908983698567e-01
8.125823677617416418e-01
5.003875906322419187e-01
8.574134328346862954e-01
7.444831977348631558e-01
1.104450097685417687e-01
5.299741404666001854e-01
5.986972673623364161e-01
1.525386187051985809e-01
2.390419694031071796e-01
4.622672891084003144e-01
5.097496760742828981e-01
7.038550821940875446e-01
8.041160401570721650e-01
6.211333738545569139e-01
2.186224808976451328e-01
3.272790573016712834e-01
5.103504570703529808e-01
9.769829266730478690e-02
4.469574396328425125e-01
9.161862123787521961e-01
8.898498108208042767e-01
4.284662128259776326e-01
8.456676293459699512e-01
3.527322871469490417e-01
6.676978319521760241e-01
7.120276804750530486e-01
4.257619139064856562e-01
8.196734903056190902e-01
1.668665373250047823e-01
8.895003743895808501e-01
4.487894835133456883e-01
2.364815738897091402e-01
8.258791924696539111e-01
8.037349862842435577e-02
2.520330167190256709e-01
3.258211937506459988e-01
8.375936132003181100e-01
2.575195413709688852e-01
3.844203696981095542e-01
1.688013888038125687e-01
4.339148190777835090e-01
3.053829570156102458e-01
6.627554332860650099e-01
1.533424286790148194e-01
1.221302636940091446e-04
6.898675930564086567e-01
9.534676754778581564e-01
1.235364079298295614e-02
4.616660369924873164e-01
6.113480779080683325e-01
1.640787246922659204e-02
4.375997753220405295e-01
3.724212661253619716e-01
5.322082752714987208e-01
9.154877516383307379e-01
4.712500523064468982e-01
1.621809451911551125e-01
2.570488469400481479e-01
6.996034123487311351e-01
3.018235157039043104e-01
8.221565514476720793e-01
5.483076198458987083e-01
6.348474450283018156e-01
1.269663243614793657e-02
1.100602880019756480e-01
1.822232647145831663e-01
1.546644243785925132e-01
9.598082566793236792e-01
2.553089245458881607e-01
8.167076863937732245e-01
4.294572076272484829e-03
7.262102589252276141e-01
6.483272608924561808e-02
9.299523964971864176e-01
6.387884179711816879e-01
7.583439914850386154e-01
5.913960062845197152e-01
1.022471699236858766e-01
3.112814318081349452e-01
4.243587285953025479e-01
2.207227591815141832e-02
7.801917162972066278e-01
1.027780103397620826e-01
5.612910026099827698e-01
8.978175576493457877e-01
8.825749097845275726e-01
5.706915612848528774e-02
4.949104461549961309e-01
4.306131660508298875e-01
8.399051588555761505e-01
6.588708285069014847e-01
6.040190275877358461e-01
2.315319101327216744e-01
1.117138381683631110e-01
4.321840108306318484e-02
6.794853188401502875e-01
5.779898208663816206e-01
2.592240347126018030e-03
6.501597004768844279e-01
1.182185819386429859e-01
9.921913549128745791e-01
1.276771556841760358e-01
2.893591529716788013e-02
5.483105917740060953e-01
8.145030704612620243e-01
9.390330681874050622e-01
8.740455891375367159e-01
9.724899401302888879e-02
4.297450813379706247e-01
3.515249430155189536e-01
6.527625134363335135e-02
2.857518303161536988e-01
4.524185574640383622e-01
5.433307273619544242e-01
9.785230901821143634e-01
2.374199601713766761e-01
4.778478109061713441e-01
1.132277725096073606e-01
6.471483072300877604e-01
9.042239533333429335e-02
5.526141380833159422e-01
6.774632582543462789e-01
5.505458517848962341e-01
6.048057749782984605e-01
6.764007525221149564e-01
6.893494046504720085e-01
5.104736229165747208e-01
8.655914832909057388e-01
8.228265923934081627e-01
5.345220479555208293e-01
8.073681851380529739e-01
2.571025697304549773e-01
6.308590403484994891e-01
7.800149365790145506e-01
4.401994527971093696e-01
3.329586465480725010e-01
4.742996468523528186e-01
6.762632023183212659e-02
9.286126924752049483e-01
6.909898774264783272e-01
5.075877562965214196e-01
5.797316310799850436e-01
2.150328621227912684e-01
4.258608096975603496e-01
4.255193843626469130e-01
5.717792923828891594e-01
8.543408074139803299e-01
3.801114627252759615e-01
4.817909435554627029e-01
5.496143790314711453e-03
4.374782968853099252e-01
7.183946637734708318e-01
8.778880674565150422e-01
6.180866681661678630e-01
6.651011637135270105e-01
3.554875727577742062e-01
1.362918323748409932e-01
6.242449185031428982e-01
6.725040915743141223e-01
6.647651789881169337e-01
2.933463549787957980e-01
8.627006428961967455e-01
6.601617351512016896e-01
7.169943419195199397e-01
2.550393609685238649e-01
9.664916304336534925e-01
2.781900392104121877e-01
1.068607058051496139e-01
4.165767613905676514e-01
3.608146385537217560e-01
5.256646395011431716e-01
9.145510567061765350e-01
3.056267457482276795e-01
3.278143982642334198e-01
5.509264964532958331e-01
4.572916544018957863e-01
1.719907835075383806e-01
9.052062931570563631e-01
2.743011769408965073e-01
2.996931331697046952e-01
1.046806524220348367e-01
8.206794218234302329e-01
5.867945458929071378e-01
7.713195697332988487e-01
6.038980989909072949e-01
6.992785696388630345e-01
7.515277668471953554e-02
4.521504177830011351e-01
1.284352595228466232e-02
3.702700504285573180e-01
5.825840619689811595e-01
3.884192221883385754e-01
5.628462370939111281e-01
4.063668164156286622e-01
6.788149431883074847e-01
1.437685522144287464e-01
9.708152119865129936e-01
9.992303447625874302e-01
7.141306965541531770e-01
1.957629751466938295e-01
5.324980296314204553e-01
7.004698669815854206e-01
3.182428517556978864e-02
6.881582126477403527e-01
3.712580514810841503e-01
8.997183159750132830e-02
3.156588843272771783e-01
8.607026482203116169e-01
6.692245825788822877e-01
7.640132955376345292e-01
7.455315290112310977e-01
1.902385418801437744e-01
9.098483713849144783e-01
6.257610191022617840e-01
6.940640338377044305e-01
1.327060541552289585e-01
3.351789771962181419e-01
7.327300503127953668e-01
7.258662308329332236e-01
4.624232160447688811e-01
7.293945220771796967e-01
8.826869595310090633e-01
4.680365116809573900e-01
5.136914160539817198e-01
4.106387102615050022e-02
1.571961029032614698e-01
2.453818494788293503e-01
7.279044243386399993e-01
3.785110664765022337e-01
4.308292624551035566e-01
8.264350736915571094e-01
4.652046271049151693e-01
2.663280276281783099e-01
1.881778819338801867e-01
4.107409998928120975e-01
5.494698533541336749e-01
4.609768486286510702e-01
7.392945248215664344e-01
9.201434347768764344e-01
8.391655221043775592e-01
8.288161199683571345e-01
4.202986852745139723e-01
6.835515176355611011e-02
3.521954504139730435e-01
7.302576803184253063e-01
7.814285177604062271e-01
3.485462347405406947e-01
4.307301505246298179e-01
3.002385319842941769e-01
4.513959697263993931e-01
4.969289121193670722e-01
4.218120210682433369e-01
9.679054932768460517e-02
1.297846137344284001e-01
8.131786036555433972e-01
1.066055420833929013e-01
4.380745124513300004e-01
3.819963984107488386e-02
1.114949234332279770e-01
5.038574056966519388e-01
2.312315753532540041e-01
5.963648474189875426e-02
1.039140617766382002e-01
1.279659500889390733e-01
3.991373033572102047e-01
6.833726785206433174e-01
3.221230722237001798e-01
4.689210898662024007e-01
7.344443039509462867e-02
1.173972973688331978e-01
4.145696749867663344e-01
8.075770218130932099e-01
4.556663041283690596e-01
2.026281352828483984e-01
6.926726485345071627e-01
3.458601715576895552e-01
6.488526498103234230e-01
4.308439765281258937e-01
9.276972230731517222e-02
5.384466896931776603e-01
1.828416601187194956e-01
6.282101210599966290e-01
8.802562433501383010e-01
7.050289202468492666e-01
3.068790474541992497e-01
7.734651281054418792e-01
5.617406992896769591e-01
2.607106045616089940e-01
7.368293724698438130e-02
2.448259302791855330e-02
7.068336741277170265e-01
5.640945692020393754e-02
7.765503880157081928e-01
3.929354928903217026e-02
8.280419254233907234e-01
6.720969591432612855e-01
2.306129755726471497e-02
6.913184475773200832e-01
8.211927507621076261e-01
4.541959053793855894e-01
8.540641166154265829e-01
9.829113510090724537e-01
5.846054542788298169e-01
8.513276367105593323e-01
7.886270959978770589e-01
6.852377367708987199e-01
9.436064167704172334e-01
9.629586139263055511e-01
1.751866365312366725e-01
6.957489270148151661e-01
3.571685072055971188e-01
4.848926195022279506e-01
1.081317343670276099e-01
6.763543844428653307e-01
8.667842644119782003e-01
7.186779134624861065e-01
9.620644638976457719e-01
5.727105878366535174e-01
