3.655009279067775729e-01
2.392439814538619425e-01
1.992118371188612569e-01
5.935897372627711999e-01
3.824093571378472944e-03
2.684001299153604414e-02
8.928231350359790985e-01
3.359308350975208635e-01
9.906290025257356024e-01
9.916264860015729932e-01
9.322236727810734314e-01
6.412794812821525081e-01
5.851780791216975031e-01
7.186336217349201805e-01
4.455242201422574544e-01
5.762316926198657319e-01
3.223318128139857075e-01
8.916927012549267229e-01
4.486153969837569644e-02
3.211463202032326381e-01
9.310987355695147238e-01
6.057696883013369282e-01
8.806395711210921462e-01
4.941640863826612939e-02
6.391784854923147075e-01
8.600061628289188409e-01
2.263417703747498955e-01
9.933958829697555615e-01
5.435350118322952451e-01
1.746766333929830051e-01
3.698293500072175055e-01
2.586930525186452723e-01
4.099450387392307160e-01
8.475847383027914628e-01
3.157285768313944363e-01
2.242304226740204909e-01
1.717796459152528543e-01
3.594595478653166420e-01
8.075719712769301450e-01
3.349425687530420692e-01
6.447378173705845539e-01
8.666733141807888563e-01
1.410458945743151560e-01
2.378665466724538824e-01
6.870650282512347218e-01
5.535968292814517078e-01
8.890650838678735290e-01
7.403313004335742020e-01
9.727325863997604571e-01
4.227944435419336289e-01
4.132734817647149006e-01
5.055913177314804718e-01
5.032963196143080964e-01
7.304732696465173758e-01
4.584991545277826708e-01
6.091084948749019290e-01
8.034128052215450122e-02
6.928242086271483302e-01
8.568810286191433923e-01
9.351927459895789108e-01
4.124891815624280866e-01
4.395781548304996678e-01
5.798372151493312865e-01
6.976649204343911004e-01
9.854697442937919716e-01
5.534759456511966214e-01
9.438266354432668370e-01
4.773465101650541387e-01
7.741808444421952595e-01
3.152083872245531326e-01
1.852179755539249406e-01
9.598232260659350645e-01
3.440033953848278259e-01
2.407329555618030748e-01
8.886999931483713366e-01
5.633926266756880130e-01
5.483322804732319034e-01
3.997984212767253798e-01
7.554881560421831121e-01
2.736021597804243477e-01
9.637532170757585614e-01
2.078755041701374484e-01
1.367093390918040496e-01
7.812264413515965789e-01
2.706417034355392826e-01
2.996998675922526445e-01
2.852238991912739996e-01
1.177051542575869858e-01
7.375901922217117379e-01
4.744382663703502478e-01
4.366398870685793687e-01
3.929552058480170196e-01
6.271253910603301618e-01
2.345966448549868799e-01
5.141930246445436392e-02
8.570904901753153560e-01
2.957873371123926898e-01
7.753319404295604400e-01
4.839450923961113871e-01
6.164306198692949268e-01
1.300661909849767373e-01
8.863468407273977778e-01
9.712275688061257073e-01
2.481361890140371118e-01
7.616235944373951350e-01
7.416941238855055962e-01
3.718531665417025289e-01
3.935284765608056956e-01
3.189215417273393305e-01
6.761488544031113435e-02
2.292155667860505952e-01
1.752640070444307918e-01
5.905412087444894542e-02
6.958032081895419996e-01
3.926285897675907410e-02
3.092140467068291709e-01
9.895500834808496071e-01
2.832392273737595056e-01
3.314487309288344230e-01
6.116584323802594092e-01
3.139934901036328663e-01
2.052775016480141712e-01
2.666203653352783309e-02
5.095871113784151696e-01
5.719568535602416182e-01
9.393581829460265764e-01
5.970074824010171977e-01
4.202760203774625891e-01
5.704646777634642119e-01
8.262232638051593137e-01
9.334776593490632379e-01
4.630954582854855950e-01
1.735038161051758454e-01
8.623171880282709534e-02
9.701267110333562371e-01
2.441029589904887276e-01
2.485227994471221891e-01
3.466766608139091321e-01
5.968765778242554054e-01
9.129266305077065047e-01
7.254552539279649492e-01
9.733151298365296800e-01
9.600407439759255368e-01
2.182417686486398667e-01
1.180298402267798696e-02
8.031076426227760079e-01
8.390677285637168081e-01
7.795691695800568422e-01
9.787724404324178451e-01
5.372807430969047671e-01
4.991816256346626179e-01
6.752664350669302928e-01
1.968117951544375854e-01
7.447499125159617872e-02
6.100928710237507602e-02
7.281289011280012158e-01
4.470132852849759697e-01
9.248776577273644106e-01
1.760822496343610322e-01
3.193759013405317315e-01
9.288588595616235066e-01
9.591102303821825714e-01
7.016516804877434010e-01
3.161692149913886141e-02
3.270185735816437678e-01
3.688397121953232993e-01
5.019663128277456199e-01
9.150038971631055951e-01
6.446565990075653341e-01
4.772726854781927930e-02
5.660717986399986801e-01
6.509077773839883063e-01
9.546437698861274246e-01
6.663068283102990819e-01
7.917796975864124231e-01
3.748480220927949969e-01
5.506337873321291987e-01
8.099852286176024707e-01
1.669721503067068680e-01
9.088495151667999039e-01
1.590460048609607657e-01
5.381097083124688485e-01
3.466658165289232540e-01
7.756786915681104233e-01
8.694709894019004848e-01
1.267287619678937327e-01
6.231898478586486156e-01
1.055655842565760283e-01
7.340035083910503300e-01
1.590608838795208868e-01
3.418064305573017547e-01
1.690350290531034139e-01
1.269206305067015483e-01
8.011624348830781450e-01
2.122586855489736468e-01
8.827491849488086073e-01
4.257379227834358071e-01
5.856393147663463417e-01
5.547709423877651425e-01
5.251170723427626141e-01
7.038794040094936699e-01
4.585122799318620546e-01
7.958487921561472334e-01
7.100514811811248217e-01
1.160161659400493761e-01
1.141302521368414702e-01
7.747106347938105264e-01
2.733443062858699202e-01
3.823895019795153782e-01
1.968007778812703723e-01
2.835462469356498927e-01
9.873018553087625770e-01
4.349234337490471836e-01
8.298072137454266528e-01
3.388503837840741717e-01
5.293408788796688524e-01
6.106367249197310887e-01
2.756408544922719361e-01
6.086175458409317507e-01
8.778131334581146250e-01
4.850155786008345515e-01
6.370368726066371057e-01
4.869043279828105808e-01
7.435972877791642288e-01
7.396881976351219468e-01
7.161504553542662466e-01
9.914720018443183847e-01
1.895183778982161282e-01
4.284439894003159166e-01
2.878589089725871464e-01
3.169036306285999416e-01
6.362866755107030592e-01
1.798804314619537603e-01
3.464081396304243832e-01
7.060728797718081040e-01
7.659871647453618815e-01
7.367536723428596002e-01
2.859237673599842600e-01
4.053972222728197128e-01
7.156950143631154448e-01
8.254376067710902376e-01
2.574888954804821495e-01
9.011364111967288260e-01
3.059575454288925300e-01
8.568172286955055839e-03
4.593265764293452680e-01
7.381024106994735767e-01
7.781427020845140818e-01
6.578307424568108353e-01
4.193556447811893628e-01
2.890326480126071962e-01
6.719581347642167302e-03
4.024825381472306729e-01
8.345203159065992526e-01
8.201454787406202707e-01
2.327202532959073977e-01
2.411142098733498607e-02
3.255821671192523636e-01
3.474802198099107287e-01
6.143957313564729628e-01
5.386600244042629715e-01
6.273503413754206726e-01
5.601518534740380639e-01
4.159311487649807182e-01
6.538075669205778429e-01
3.135229377858705924e-02
2.659324994457790137e-02
6.819257337144278841e-01
3.634245732942822382e-01
4.343242368364098605e-01
4.515948248344812122e-01
7.756335083838304945e-01
8.580178503835496073e-01
1.483121692378200907e-01
6.609340225094951782e-01
4.865773687830202698e-01
2.912423696373821480e-01
6.585572492294955449e-02
5.299747977172449831e-01
5.623847485777455635e-01
2.895997151768584521e-01
4.068578833233672531e-01
2.880501424385564224e-01
1.414920571741520305e-01
1.283446154644096726e-01
5.105295997163911137e-01
4.934440041365295571e-01
5.902805522212360989e-01
9.446678342998851008e-01
2.140782713020528139e-02
5.417749311488968544e-01
9.208350310982622577e-01
4.706350301271479131e-01
2.232720909836652945e-01
9.348774594454203335e-01
5.283719519728025116e-02
1.799006067029775835e-01
6.858673528016432375e-01
2.548823126294432750e-01
8.475606723374640161e-02
6.008318081937860100e-01
5.596829333728969846e-01
8.512482395081466535e-01
1.905783242321851256e-01
7.156987674373629371e-01
7.364616105736134788e-01
5.528334446109478550e-01
1.717379819402000685e-01
3.365276441162335930e-01
5.092672299860607765e-01
5.197343118171101617e-01
1.391264698263802169e-01
8.324133973656389074e-01
7.354617950799966497e-01
9.413658167073474248e-01
7.295865366691473008e-01
6.767716585475317403e-01
9.374883453202720318e-02
8.666241320303602613e-02
9.835682560521082918e-01
6.559668385863726137e-01
7.743944105569061653e-01
1.121491911282310738e-01
8.368355770360597079e-01
9.117884377447070809e-01
7.548508616992216647e-01
8.522740517080735767e-01
4.817197139798355954e-01
4.248085471999679674e-01
3.650089755445630191e-01
8.686469613760737785e-01
9.461247823245322319e-01
4.552584917627900962e-01
2.033581708800277221e-01
7.048085573360954870e-01
1.524606217033372957e-01
8.212750289755202937e-01
8.037590153969386142e-01
1.828966028791646492e-01
1.938593281958733705e-02
5.812110608863874095e-02
4.689600907360509385e-01
6.637407124844105777e-01
6.732031998255474381e-01
2.770823780846306539e-01
6.352536322154633819e-01
8.009759045323280313e-01
4.609004559075737806e-01
5.613306761714773607e-01
6.519288751353016220e-01
1.468185547761171605e-01
7.087194632129882876e-01
7.069652030562334488e-01
2.983725906087623114e-01
3.588365349246458447e-01
3.979590184919734597e-02
9.907739040939355091e-01
7.838179083792732316e-01
4.971972955399844851e-01
3.099500401156323193e-01
3.946273243668196873e-02
2.444320834264842590e-01
9.053117554088851993e-01
2.093975399605252363e-02
7.625937116366447999e-01
9.847342373893832601e-01
6.190803071943236091e-01
8.856763844644947037e-01
6.732743380300977298e-01
6.315278315055028457e-02
2.202810233078077440e-01
9.701769651316939358e-01
2.027939519704080595e-02
5.735334608473483531e-01
8.210933484352490597e-01
1.272888418265489818e-01
1.407445232866976204e-01
1.363329685903221788e-01
5.023548793857672834e-01
5.789618229858428666e-01
2.336681838775045428e-02
7.975976186536100077e-01
9.742482983025091414e-01
9.171625229399087420e-01
1.231736029825251100e-01
5.609041953622884158e-03
1.780715865616766536e-01
3.245379903783083275e-01
8.298347095002770457e-01
3.340809647263883742e-01
2.416816523533440453e-01
5.439845901357643898e-01
8.361110848456472233e-01
8.231744820115241001e-01
5.826872742281309359e-01
3.081450371971108382e-01
7.181183116229769015e-01
1.420359030799802635e-01
6.714469585579454503e-01
4.172979990324821031e-01
3.143235907269231744e-01
7.378537641652662682e-01
3.007130946286628026e-01
3.619025854028877776e-01
4.268021953950040803e-01
8.189315485854065102e-01
9.790255394222290297e-01
8.992359031284706816e-01
7.199469248526324527e-03
4.720905356995949154e-01
4.199889340409207472e-01
4.580646037789066760e-01
8.910929406704831690e-01
8.771502350632708334e-01
9.388048634672451209e-01
3.989602573574768662e-02
6.942205498363518412e-02
4.963613240857448483e-01
3.366751910084428978e-01
4.615604360021053898e-01
6.883998812597711403e-01
3.357168292759420414e-01
3.355144289711169403e-01
7.356858533262840005e-01
4.869809783860804542e-01
6.244199172865741998e-01
8.445448815398344244e-01
3.119864733193665751e-01
1.206816884439021464e-03
2.388209589097988195e-01
4.409393832383823320e-01
8.401268189079023063e-01
9.522656255135464320e-02
3.545920997728864155e-01
5.488779450891856371e-01
2.294025532066032991e-01
6.613577416560119104e-01
2.497319321081568066e-01
9.277688483398319752e-01
4.077747479356126359e-01
6.248511193111050410e-01
5.279909829771582963e-01
2.263109060191961230e-01
7.288981931837573702e-01
7.725928435129627569e-01
1.714857143364895142e-01
2.142677198322424648e-01
1.766230095372024467e-01
3.037896808588023134e-01
2.036424833491005115e-01
9.566987963476902834e-01
6.398199368079933169e-01
2.516723551065940256e-01
8.863102036252515914e-01
4.161524321650844627e-03
9.460372093135926974e-01
2.028014325265522499e-01
7.787932762531866171e-01
6.229421930218608239e-01
8.018457307010359303e-01
5.105082475315027013e-01
2.553427577464328913e-01
9.294679762740041262e-01
2.720613689806040680e-01
2.864536953911043238e-01
1.480857608312797780e-01
9.542199983187831247e-01
2.268797900205971052e-01
4.519322556506228938e-01
8.008302615165485694e-01
6.802671239471442810e-01
5.536743605994709494e-02
2.352993902813111937e-01
3.754892843821632242e-01
4.372369421815442969e-01
5.631555454226313540e-01
5.936445356897512848e-01
2.174954530665558217e-01
6.910065756263117365e-01
7.709882090109442254e-01
