-2.363457221243923101e-01
-2.968968358035044552e-01
7.555331279482395690e-01
3.697806651893975616e-01
1.792873556926934953e-01
-6.383562798107749181e-01
7.848446086270448596e-01
8.336486001893492759e-01
-4.782373496838507876e-01
8.873662405849309653e-01
-3.472436614450353787e-01
8.355367177886607877e-01
5.739802001531653097e-01
1.647026210546149727e-01
-9.296466922117170295e-01
-3.027297210935708804e-01
-1.513737448478753578e-01
9.011918687127813410e-01
1.815256365612882838e-02
-5.225487236902286448e-01
-4.238437631781106774e-01
1.433171032723536964e-01
9.985453495305662841e-01
6.551685099959445591e-01
-7.522658333378484663e-01
-8.123163463916787119e-01
-1.963800732952520889e-01
-1.803391455198846138e-01
9.966380562761443240e-01
-4.763570907997125570e-01
-6.960628552372067901e-01
1.414629824293462956e-01
-5.218295280380920165e-01
-4.122709082195468167e-01
9.693382502806224821e-02
-1.291690751212855037e-01
7.475276399595942589e-01
-3.419460685725610460e-01
3.631896279074586786e-01
-7.717291571938720285e-01
4.740759320839846858e-01
-8.138511634531808703e-01
3.074378768583465593e-01
4.526876858454520480e-01
3.026738621406417362e-01
9.753139981706762107e-01
7.929118075038066316e-02
-7.389669491021673142e-01
4.016779038087712195e-01
2.422452392490712647e-01
-3.387081248198746675e-01
-2.730380126153830744e-01
-2.773355807826594077e-01
-3.707490900739442985e-01
8.486734678454188607e-01
-9.220767719235043458e-01
1.047424453485381601e-01
2.001596417538409334e-02
8.134261639992630410e-01
5.918125723150111650e-01
-3.149982004491453935e-01
-1.350081278346131342e-01
-5.340646030902747032e-01
1.770415698795115844e-01
8.078155760638510152e-01
-1.592977000614952399e-01
-4.531294780176855497e-01
-1.588025127320380481e-01
-2.110990865840631781e-01
1.452775968228867676e-01
2.032406551565024699e-01
-1.430559917988087903e-01
7.723543362023572723e-01
-2.606140806428531853e-01
-6.417911283374024833e-01
-9.635140737798801869e-01
-3.711162901667082181e-01
7.724306448085440646e-01
7.688381363255545331e-01
-4.053271601647965294e-01
-5.941089615374441912e-01
5.771692387672728852e-01
-4.986050759590492376e-01
-3.178090293785684750e-03
2.566374149445382891e-02
-5.792088472412801892e-01
-7.407854509566971224e-01
9.329282587278520111e-01
-6.567792833525487595e-01
2.649336128213246599e-01
7.879631611589841267e-01
8.173491754371819962e-01
7.955737490537868606e-01
4.982596871251931958e-01
7.677626065390890098e-01
-2.270018832837683576e-02
3.747785187291219344e-02
9.405852537382939360e-01
-5.302909733978176110e-01
2.058917688313077754e-01
-8.232141919742226310e-01
1.181894355375945338e-02
8.113697202423897359e-01
-4.007328114324848478e-01
-3.862672936068536345e-01
-6.879653041662827651e-01
8.201321768814842095e-01
3.375658936945729049e-01
-6.216272926139285726e-01
7.553925817077227212e-01
-2.008183436298403013e-01
1.949134299896448930e-01
-9.998708809338145986e-01
-9.035966120560559034e-01
8.360733364742709561e-01
8.409309552207571148e-01
-9.860919646192074506e-01
-4.202745870728108457e-03
5.605760653070983590e-01
6.424548360421906690e-01
1.712807355930268116e-01
-7.007434503801477366e-01
-1.164766548143238989e-01
3.255845053854899973e-02
-5.132143360981455960e-01
-8.641259675259711504e-01
7.706502097354623881e-01
-6.129097943444048457e-01
-8.149740374411482691e-01
-2.312512279200285015e-01
-2.162632592610418403e-01
-3.769250298444253300e-01
-9.425654101060874090e-01
-7.672862618740883267e-01
5.226680802685688132e-01
-3.086766851209743479e-02
6.025737983948831200e-01
-9.786705507231936441e-01
5.474750836152031397e-02
-9.701209188415726992e-01
1.311837087129077428e-01
-7.341040659828659276e-01
-3.687374832118894830e-01
8.825830773766183412e-01
6.790926237563419399e-01
8.428286451346593822e-01
-7.842666136185203474e-01
-8.619140268622762502e-01
-2.467297295854256056e-01
4.022774591332867189e-02
9.787275894486033856e-01
-8.977302582422685973e-01
1.505137836279724084e-02
7.950986266173598604e-01
5.655995262401996015e-01
-3.726324226761492664e-01
4.075294912933027369e-01
6.495048691029272625e-01
5.647904414644773219e-01
-3.496341264919311520e-02
-5.031939362008912564e-01
3.230470497874446956e-01
-3.849395135839264181e-01
-1.418476867535871655e-01
9.599956557084641240e-01
-8.774941506657432111e-01
9.565137953244702285e-01
-1.539395703826458295e-01
-1.414380451189671817e-01
-1.741710083671266229e-01
-3.951881604047806640e-01
-5.247471739456446294e-01
-9.511287906241248091e-01
6.592397166390513430e-01
1.610550997417843355e-01
-5.111716054040351676e-01
-8.490116403433076719e-01
-5.356011686143751227e-01
2.635512920126166225e-01
5.937621917917812464e-01
-7.391490112334027085e-01
-8.480106937572426951e-01
6.309956432382035629e-01
4.028986426531437903e-01
4.870678559059007373e-01
4.369030225193437644e-01
4.503086513571734617e-01
7.840320811409027257e-01
2.144170605391579887e-01
3.546570048822625942e-01
-9.561185583361797580e-01
-7.637161119191533398e-01
-7.159273406487887126e-01
-9.968043914309592246e-01
-8.432508563360929799e-02
-7.705809118666557822e-01
9.948632059926945104e-01
2.851188696769628717e-01
-7.125762489959754920e-01
7.332198850792479572e-01
-3.910052362378713120e-02
-4.298255828345554086e-01
-2.279211032168713125e-01
3.577434682596472015e-01
9.897603854046033156e-02
-8.380874858400930716e-01
7.003305383614035762e-01
-4.698366270651306298e-01
-9.763836399938989885e-01
7.265040908487763183e-01
-5.053033243110645056e-01
3.431649158587570803e-01
-2.621093019724896056e-01
-2.433602405263519675e-01
5.607969790025979506e-01
-9.744583921989025121e-02
5.694666336650906491e-01
-3.923569354283127364e-01
7.730589419371369786e-01
7.563012204962740181e-01
-4.111479523684713477e-02
5.286838989904427688e-01
6.788850200195395423e-01
9.504300364547204616e-01
8.302830488959254129e-01
-7.335445992182083597e-01
-9.179042591494293024e-01
9.281953210035165380e-01
-4.147339993257068702e-01
-3.944138668292251904e-01
2.817541708399780020e-01
6.032787287175422897e-01
-5.260376987766715029e-01
-2.650800011672869161e-01
-2.454601120422128524e-02
-9.535942579635288130e-01
-8.564790373405655188e-01
5.515169282778389359e-01
-4.718680858791897137e-01
-1.254874433816071111e-01
5.218710957880559054e-01
-4.116173041364419305e-01
-1.809098093599492696e-01
-5.788045566821036214e-01
-8.446640193674936903e-02
3.838125662119264980e-01
4.502745398362575369e-01
1.394815218711247251e-01
-4.684296224090165328e-01
4.123822962846865892e-01
9.482863871425704083e-01
-5.712517445696445595e-01
4.353818316762367857e-01
-3.558219769948383071e-01
9.847903789945844366e-02
-7.618686246426651376e-01
6.172731523213770277e-01
8.674176019822630312e-01
8.825076173178221239e-01
2.520430157800428450e-01
2.141805654937667391e-01
6.753258240595605422e-02
8.501439695056947077e-01
-6.171523805535739093e-01
3.319040300704179103e-02
4.581044104554159446e-01
-4.272029017072120904e-01
4.389518927229314471e-01
7.958596516446490021e-01
-3.312793254530495002e-01
7.406281130953429326e-01
1.665688878626103708e-01
7.730235453372771293e-01
6.205273928282624141e-01
-5.847286715955428704e-01
-2.635941493598434882e-01
-7.754978879939053993e-01
-9.107046723586262882e-01
4.666850427870830043e-01
-2.494988918850014059e-01
3.386937435593500023e-01
-8.839974457461867718e-01
-2.454466258127148137e-01
-8.704546007908930960e-02
-6.791124931998826497e-02
4.825302215269013928e-01
-7.330467470315902290e-01
-8.759049066031860953e-01
-9.729159883716156365e-01
1.927634177465353815e-02
-9.219200153752440396e-01
-2.973508177607446790e-01
6.623149843362929889e-01
5.195185578868397602e-01
-6.507446070616142997e-01
-3.641426643514671380e-01
9.069568425826031177e-01
9.058332066000485128e-03
-7.597584448479357544e-01
-7.684256876528599012e-01
6.441123328025468719e-01
5.501164798923388055e-01
-5.981843370849997399e-01
-2.779197352252389397e-01
-4.687806152525406667e-01
4.076772031086655090e-01
7.737211222868998206e-01
-7.728373048584180616e-02
7.864486934699315146e-01
8.245139947299207073e-01
-5.528243791765128368e-01
4.550143698150099780e-01
-2.016444819238232267e-01
-3.916561709793813240e-01
4.866058640966479665e-01
2.280382855055611557e-01
-5.180099775410957896e-01
5.775601278360562585e-01
-5.213342935907117059e-01
-6.972977773754958086e-01
-8.528054578251447193e-01
8.712161058357914545e-01
-8.762893384171286382e-01
-8.652394320054297427e-01
8.770431700194003533e-01
-3.900112815214757944e-01
5.598362051473837475e-01
1.817426882961761248e-01
-8.751205059123345897e-02
-4.354570658361140989e-01
9.568419302764759049e-01
-8.573923602087010210e-01
-1.295218496539534137e-01
-9.852876517242661336e-01
8.861888509818038884e-01
-2.560360421464666913e-01
4.734709500788427672e-01
8.391292304966850857e-01
1.911813131112047870e-01
6.053389881067332556e-01
4.966559014905849168e-01
5.197945322932615575e-01
5.544386463213968330e-01
7.935744367467292282e-01
4.057082178056834465e-01
6.066039810085013251e-01
7.212110356673691047e-01
4.633863945513005955e-01
2.541374641849138971e-01
-2.147479004268810776e-01
3.122855675041014134e-01
-8.723815628642033193e-01
9.625721382762888467e-01
-1.466062261910148212e-01
9.632178320138478078e-01
7.197866246416055880e-01
-1.108249379162939974e-02
3.204761379852214542e-01
7.456844595184692892e-01
-2.833331541815737875e-01
-4.435761538320472930e-01
-6.794917552137229588e-01
4.634061617578597581e-01
5.187712006948186350e-01
3.921569972256255809e-01
-9.765818880760150922e-01
-2.740884123908560177e-01
4.165639675902927941e-01
-4.238792263542694450e-01
-9.184013788142944001e-01
6.478148959768859072e-01
-6.087964641522056741e-01
-3.575955543731288433e-01
-8.144307825448373617e-01
-8.780477851192207694e-01
-8.909346163489961778e-01
4.583278190050554812e-03
-6.216573155699904873e-01
2.162999918446735226e-01
4.650217991679073126e-01
-6.096995524686410484e-02
1.878010799622034099e-01
3.211582941297264071e-01
-2.033496931669958041e-01
9.089728270929304799e-01
-8.389468665094845790e-02
-1.589316043902950781e-01
4.610807745193103990e-01
-5.897183843677191728e-01
8.094577043089865587e-01
8.020202528118349772e-01
3.564731008971544490e-02
2.305493699857774637e-01
2.753144475653219736e-01
9.312481344251080095e-01
-4.125644615869739074e-01
8.037456804415323841e-01
-2.597238842025031413e-01
6.020408792579188262e-01
8.151641235313040745e-01
-3.924506694565368381e-01
8.288921367603017121e-01
5.467599795082536129e-01
8.697131636790098597e-01
7.633902745333527307e-01
-1.285213733355803356e-01
-7.248739932437200384e-01
1.258517793938602747e-01
-8.190600175063686983e-01
5.892042135906387923e-01
9.952434204763025427e-01
-3.276053460007974927e-01
7.042254994091166065e-01
-4.097100897685435061e-01
-8.892950134762720449e-01
-1.164975273879176321e-02
6.874187789728409825e-01
-1.330139412719932857e-01
4.088140857310949006e-01
3.818540663387359757e-01
2.732151904776749518e-01
2.070599754020900907e-01
6.806901951705257581e-02
4.239753643736206001e-01
-1.637755050057621009e-01
6.562354348921013436e-01
-6.018519417518961578e-01
1.991087390491974585e-01
-3.377625718107797326e-01
4.397111054836602140e-01
4.839108712778399379e-01
8.682364765518197913e-01
-6.924287440756204948e-01
-5.590780761380489405e-01
6.395833847145599993e-01
1.558311591470973312e-01
-4.125495579693674308e-01
3.019597935898030716e-01
-3.116449763796340644e-01
7.668484805000230775e-01
-9.967965117783936790e-01
3.919340052631223870e-01
-7.941658991856819227e-01
-6.921143324065091029e-01
-5.043022622640749297e-01
7.723547050357404409e-01
-9.318442532168498271e-01
-6.947843371194852846e-01
-7.962551320425221846e-01
2.113737553045735851e-02
5.643597264340169950e-01
-4.397448215864290244e-01
-7.246030784251804580e-01
-4.029567046638231620e-01
5.214987373751571731e-01
-8.179464566654632840e-01
2.082190129531658052e-02
-3.872468615408619641e-02
-4.079076011069020513e-01
9.059871983169367482e-01
-5.479924896969050607e-01
8.202059449885164000e-01
3.190391489015358406e-01
-7.772044089012952739e-02
-4.999766474671272221e-01
-2.588765796910130756e-01
9.467467334065382545e-02
-4.075133571939804078e-01
-3.101963692418252538e-01
-4.685237138271858282e-01
-8.850801463231858790e-01
-7.409525182681928612e-01
1.825749538507299707e-01
-5.575557957918448881e-01
-7.076662094740211462e-01
7.120016308346810430e-01
-5.324479513144197984e-01
4.608456989197022846e-01
6.155088452779882147e-01
-6.748119214335062122e-01
